-2.000000e+001 -2.000000e+001 8.976537e-011 
-1.900000e+001 -2.000000e+001 9.242079e-011 
-1.800000e+001 -2.000000e+001 9.389395e-011 
-1.700000e+001 -2.000000e+001 9.416428e-011 
-1.600000e+001 -2.000000e+001 9.325113e-011 
-1.500000e+001 -2.000000e+001 9.121679e-011 
-1.400000e+001 -2.000000e+001 8.816763e-011 
-1.300000e+001 -2.000000e+001 8.425319e-011 
-1.200000e+001 -2.000000e+001 7.966285e-011 
-1.100000e+001 -2.000000e+001 7.462040e-011 
-1.000000e+001 -2.000000e+001 6.937630e-011 
-9.000000e+000 -2.000000e+001 6.419848e-011 
-8.000000e+000 -2.000000e+001 5.936183e-011 
-7.000000e+000 -2.000000e+001 5.513717e-011 
-6.000000e+000 -2.000000e+001 5.178005e-011 
-5.000000e+000 -2.000000e+001 4.951958e-011 
-4.000000e+000 -2.000000e+001 4.854752e-011 
-3.000000e+000 -2.000000e+001 4.900714e-011 
-2.000000e+000 -2.000000e+001 5.098188e-011 
-1.000000e+000 -2.000000e+001 5.448373e-011 
0.000000e+000 -2.000000e+001 5.944201e-011 
1.000000e+000 -2.000000e+001 6.569389e-011 
2.000000e+000 -2.000000e+001 7.297870e-011 
3.000000e+000 -2.000000e+001 8.093885e-011 
4.000000e+000 -2.000000e+001 8.912945e-011 
5.000000e+000 -2.000000e+001 9.703830e-011 
6.000000e+000 -2.000000e+001 1.041160e-010 
7.000000e+000 -2.000000e+001 1.098143e-010 
8.000000e+000 -2.000000e+001 1.136280e-010 
9.000000e+000 -2.000000e+001 1.151370e-010 
1.000000e+001 -2.000000e+001 1.140409e-010 
1.100000e+001 -2.000000e+001 1.101843e-010 
1.200000e+001 -2.000000e+001 1.035680e-010 
1.300000e+001 -2.000000e+001 9.434680e-011 
1.400000e+001 -2.000000e+001 8.281372e-011 
1.500000e+001 -2.000000e+001 6.937479e-011 
1.600000e+001 -2.000000e+001 5.451692e-011 
1.700000e+001 -2.000000e+001 3.877295e-011 
1.800000e+001 -2.000000e+001 2.268754e-011 
1.900000e+001 -2.000000e+001 6.786406e-012 
2.000000e+001 -2.000000e+001 8.448999e-012 
-2.000000e+001 -1.900000e+001 9.219415e-011 
-1.900000e+001 -1.900000e+001 9.307206e-011 
-1.800000e+001 -1.900000e+001 9.251803e-011 
-1.700000e+001 -1.900000e+001 9.052786e-011 
-1.600000e+001 -1.900000e+001 8.714647e-011 
-1.500000e+001 -1.900000e+001 8.247093e-011 
-1.400000e+001 -1.900000e+001 7.665104e-011 
-1.300000e+001 -1.900000e+001 6.988713e-011 
-1.200000e+001 -1.900000e+001 6.242497e-011 
-1.100000e+001 -1.900000e+001 5.454787e-011 
-1.000000e+001 -1.900000e+001 4.656653e-011 
-9.000000e+000 -1.900000e+001 3.880732e-011 
-8.000000e+000 -1.900000e+001 3.160002e-011 
-7.000000e+000 -1.900000e+001 2.526580e-011 
-6.000000e+000 -1.900000e+001 2.010635e-011 
-5.000000e+000 -1.900000e+001 1.639427e-011 
-4.000000e+000 -1.900000e+001 1.436425e-011 
-3.000000e+000 -1.900000e+001 1.420430e-011 
-2.000000e+000 -1.900000e+001 1.604554e-011 
-1.000000e+000 -1.900000e+001 1.994962e-011 
0.000000e+000 -1.900000e+001 2.589345e-011 
1.000000e+000 -1.900000e+001 3.375255e-011 
2.000000e+000 -1.900000e+001 4.328583e-011 
3.000000e+000 -1.900000e+001 5.412621e-011 
4.000000e+000 -1.900000e+001 6.578159e-011 
5.000000e+000 -1.900000e+001 7.765030e-011 
6.000000e+000 -1.900000e+001 8.905242e-011 
7.000000e+000 -1.900000e+001 9.927551e-011 
8.000000e+000 -1.900000e+001 1.076300e-010 
9.000000e+000 -1.900000e+001 1.135068e-010 
1.000000e+001 -1.900000e+001 1.164300e-010 
1.100000e+001 -1.900000e+001 1.160962e-010 
1.200000e+001 -1.900000e+001 1.123974e-010 
1.300000e+001 -1.900000e+001 1.054235e-010 
1.400000e+001 -1.900000e+001 9.544785e-011 
1.500000e+001 -1.900000e+001 8.289756e-011 
1.600000e+001 -1.900000e+001 6.831391e-011 
1.700000e+001 -1.900000e+001 5.230864e-011 
1.800000e+001 -1.900000e+001 3.552030e-011 
1.900000e+001 -1.900000e+001 1.857480e-011 
2.000000e+001 -1.900000e+001 2.052689e-012 
-2.000000e+001 -1.800000e+001 9.202079e-011 
-1.900000e+001 -1.800000e+001 9.073188e-011 
-1.800000e+001 -1.800000e+001 8.774540e-011 
-1.700000e+001 -1.800000e+001 8.308131e-011 
-1.600000e+001 -1.800000e+001 7.681948e-011 
-1.500000e+001 -1.800000e+001 6.910235e-011 
-1.400000e+001 -1.800000e+001 6.013429e-011 
-1.300000e+001 -1.800000e+001 5.017717e-011 
-1.200000e+001 -1.800000e+001 3.954218e-011 
-1.100000e+001 -1.800000e+001 2.857819e-011 
-1.000000e+001 -1.800000e+001 1.765754e-011 
-9.000000e+000 -1.800000e+001 7.160763e-012 
-8.000000e+000 -1.800000e+001 2.538300e-012 
-7.000000e+000 -1.800000e+001 1.108508e-011 
-6.000000e+000 -1.800000e+001 1.815347e-011 
-5.000000e+000 -1.800000e+001 2.345124e-011 
-4.000000e+000 -1.800000e+001 2.672255e-011 
-3.000000e+000 -1.800000e+001 2.774973e-011 
-2.000000e+000 -1.800000e+001 2.635758e-011 
-1.000000e+000 -1.800000e+001 2.242331e-011 
0.000000e+000 -1.800000e+001 1.589443e-011 
1.000000e+000 -1.800000e+001 6.814248e-012 
2.000000e+000 -1.800000e+001 4.648364e-012 
3.000000e+000 -1.800000e+001 1.817153e-011 
4.000000e+000 -1.800000e+001 3.326383e-011 
5.000000e+000 -1.800000e+001 4.926680e-011 
6.000000e+000 -1.800000e+001 6.538172e-011 
7.000000e+000 -1.800000e+001 8.072097e-011 
8.000000e+000 -1.800000e+001 9.437853e-011 
9.000000e+000 -1.800000e+001 1.055096e-010 
1.000000e+001 -1.800000e+001 1.134075e-010 
1.100000e+001 -1.800000e+001 1.175658e-010 
1.200000e+001 -1.800000e+001 1.177179e-010 
1.300000e+001 -1.800000e+001 1.138502e-010 
1.400000e+001 -1.800000e+001 1.061897e-010 
1.500000e+001 -1.800000e+001 9.517008e-011 
1.600000e+001 -1.800000e+001 8.138362e-011 
1.700000e+001 -1.800000e+001 6.552597e-011 
1.800000e+001 -1.800000e+001 4.834049e-011 
1.900000e+001 -1.800000e+001 3.056760e-011 
2.000000e+001 -1.800000e+001 1.290255e-011 
-2.000000e+001 -1.700000e+001 8.908146e-011 
-1.900000e+001 -1.700000e+001 8.525834e-011 
-1.800000e+001 -1.700000e+001 7.946966e-011 
-1.700000e+001 -1.700000e+001 7.177102e-011 
-1.600000e+001 -1.700000e+001 6.229077e-011 
-1.500000e+001 -1.700000e+001 5.123175e-011 
-1.400000e+001 -1.700000e+001 3.886838e-011 
-1.300000e+001 -1.700000e+001 2.553858e-011 
-1.200000e+001 -1.700000e+001 1.163060e-011 
-1.100000e+001 -1.700000e+001 2.434643e-012 
-1.000000e+001 -1.700000e+001 1.622416e-011 
-9.000000e+000 -1.700000e+001 2.931395e-011 
-8.000000e+000 -1.700000e+001 4.130775e-011 
-7.000000e+000 -1.700000e+001 5.185046e-011 
-6.000000e+000 -1.700000e+001 6.063382e-011 
-5.000000e+000 -1.700000e+001 6.739379e-011 
-4.000000e+000 -1.700000e+001 7.190071e-011 
-3.000000e+000 -1.700000e+001 7.394636e-011 
-2.000000e+000 -1.700000e+001 7.333400e-011 
-1.000000e+000 -1.700000e+001 6.987833e-011 
0.000000e+000 -1.700000e+001 6.342157e-011 
1.000000e+000 -1.700000e+001 5.386805e-011 
2.000000e+000 -1.700000e+001 4.123443e-011 
3.000000e+000 -1.700000e+001 2.570611e-011 
4.000000e+000 -1.700000e+001 7.685767e-012 
5.000000e+000 -1.700000e+001 1.218179e-011 
6.000000e+000 -1.700000e+001 3.302057e-011 
7.000000e+000 -1.700000e+001 5.377490e-011 
8.000000e+000 -1.700000e+001 7.329626e-011 
9.000000e+000 -1.700000e+001 9.045178e-011 
1.000000e+001 -1.700000e+001 1.042359e-010 
1.100000e+001 -1.700000e+001 1.138663e-010 
1.200000e+001 -1.700000e+001 1.188511e-010 
1.300000e+001 -1.700000e+001 1.190179e-010 
1.400000e+001 -1.700000e+001 1.145081e-010 
1.500000e+001 -1.700000e+001 1.057385e-010 
1.600000e+001 -1.700000e+001 9.334359e-011 
1.700000e+001 -1.700000e+001 7.810518e-011 
1.800000e+001 -1.700000e+001 6.088165e-011 
1.900000e+001 -1.700000e+001 4.254274e-011 
2.000000e+001 -1.700000e+001 2.391519e-011 
-2.000000e+001 -1.600000e+001 8.331610e-011 
-1.900000e+001 -1.600000e+001 7.663883e-011 
-1.800000e+001 -1.600000e+001 6.774516e-011 
-1.700000e+001 -1.600000e+001 5.674288e-011 
-1.600000e+001 -1.600000e+001 4.382816e-011 
-1.500000e+001 -1.600000e+001 2.928544e-011 
-1.400000e+001 -1.600000e+001 1.348092e-011 
-1.300000e+001 -1.600000e+001 3.151182e-012 
-1.200000e+001 -1.600000e+001 2.012964e-011 
-1.100000e+001 -1.600000e+001 3.695322e-011 
-1.000000e+001 -1.600000e+001 5.313129e-011 
-9.000000e+000 -1.600000e+001 6.821412e-011 
-8.000000e+000 -1.600000e+001 8.181805e-011 
-7.000000e+000 -1.600000e+001 9.364053e-011 
-6.000000e+000 -1.600000e+001 1.034607e-010 
-5.000000e+000 -1.600000e+001 1.111238e-010 
-4.000000e+000 -1.600000e+001 1.165105e-010 
-3.000000e+000 -1.600000e+001 1.194984e-010 
-2.000000e+000 -1.600000e+001 1.199240e-010 
-1.000000e+000 -1.600000e+001 1.175604e-010 
0.000000e+000 -1.600000e+001 1.121214e-010 
1.000000e+000 -1.600000e+001 1.033020e-010 
2.000000e+000 -1.600000e+001 9.085374e-011 
3.000000e+000 -1.600000e+001 7.468519e-011 
4.000000e+000 -1.600000e+001 5.496352e-011 
5.000000e+000 -1.600000e+001 3.219093e-011 
6.000000e+000 -1.600000e+001 7.230016e-012 
7.000000e+000 -1.600000e+001 1.873562e-011 
8.000000e+000 -1.600000e+001 4.430320e-011 
9.000000e+000 -1.600000e+001 6.799667e-011 
1.000000e+001 -1.600000e+001 8.842804e-011 
1.100000e+001 -1.600000e+001 1.044445e-010 
1.200000e+001 -1.600000e+001 1.152369e-010 
1.300000e+001 -1.600000e+001 1.203975e-010 
1.400000e+001 -1.600000e+001 1.199247e-010 
1.500000e+001 -1.600000e+001 1.141829e-010 
1.600000e+001 -1.600000e+001 1.038315e-010 
1.700000e+001 -1.600000e+001 8.973651e-011 
1.800000e+001 -1.600000e+001 7.287982e-011 
1.900000e+001 -1.600000e+001 5.427517e-011 
2.000000e+001 -1.600000e+001 3.489834e-011 
-2.000000e+001 -1.500000e+001 7.478318e-011 
-1.900000e+001 -1.500000e+001 6.500684e-011 
-1.800000e+001 -1.500000e+001 5.280621e-011 
-1.700000e+001 -1.500000e+001 3.836442e-011 
-1.600000e+001 -1.500000e+001 2.197214e-011 
-1.500000e+001 -1.500000e+001 4.024763e-012 
-1.400000e+001 -1.500000e+001 1.498956e-011 
-1.300000e+001 -1.500000e+001 3.451224e-011 
-1.200000e+001 -1.500000e+001 5.394680e-011 
-1.100000e+001 -1.500000e+001 7.269999e-011 
-1.000000e+001 -1.500000e+001 9.022764e-011 
-9.000000e+000 -1.500000e+001 1.060793e-010 
-8.000000e+000 -1.500000e+001 1.199337e-010 
-7.000000e+000 -1.500000e+001 1.316178e-010 
-6.000000e+000 -1.500000e+001 1.411001e-010 
-5.000000e+000 -1.500000e+001 1.484571e-010 
-4.000000e+000 -1.500000e+001 1.538121e-010 
-3.000000e+000 -1.500000e+001 1.572548e-010 
-2.000000e+000 -1.500000e+001 1.587592e-010 
-1.000000e+000 -1.500000e+001 1.581173e-010 
0.000000e+000 -1.500000e+001 1.549141e-010 
1.000000e+000 -1.500000e+001 1.485624e-010 
2.000000e+000 -1.500000e+001 1.384046e-010 
3.000000e+000 -1.500000e+001 1.238720e-010 
4.000000e+000 -1.500000e+001 1.046697e-010 
5.000000e+000 -1.500000e+001 8.094240e-011 
6.000000e+000 -1.500000e+001 5.337167e-011 
7.000000e+000 -1.500000e+001 2.317309e-011 
8.000000e+000 -1.500000e+001 8.013300e-012 
9.000000e+000 -1.500000e+001 3.831571e-011 
1.000000e+001 -1.500000e+001 6.586300e-011 
1.100000e+001 -1.500000e+001 8.900791e-011 
1.200000e+001 -1.500000e+001 1.065009e-010 
1.300000e+001 -1.500000e+001 1.175918e-010 
1.400000e+001 -1.500000e+001 1.220549e-010 
1.500000e+001 -1.500000e+001 1.201488e-010 
1.600000e+001 -1.500000e+001 1.125294e-010 
1.700000e+001 -1.500000e+001 1.001388e-010 
1.800000e+001 -1.500000e+001 8.408748e-011 
1.900000e+001 -1.500000e+001 6.554723e-011 
2.000000e+001 -1.500000e+001 4.566051e-011 
-2.000000e+001 -1.400000e+001 6.366770e-011 
-1.900000e+001 -1.400000e+001 5.064987e-011 
-1.800000e+001 -1.400000e+001 3.507450e-011 
-1.700000e+001 -1.400000e+001 1.723091e-011 
-1.600000e+001 -1.400000e+001 2.460053e-012 
-1.500000e+001 -1.400000e+001 2.345285e-011 
-1.400000e+001 -1.400000e+001 4.509709e-011 
-1.300000e+001 -1.400000e+001 6.667201e-011 
-1.200000e+001 -1.400000e+001 8.743574e-011 
-1.100000e+001 -1.400000e+001 1.066868e-010 
-1.000000e+001 -1.400000e+001 1.238320e-010 
-9.000000e+000 -1.400000e+001 1.384527e-010 
-8.000000e+000 -1.400000e+001 1.503558e-010 
-7.000000e+000 -1.400000e+001 1.595990e-010 
-6.000000e+000 -1.400000e+001 1.664767e-010 
-5.000000e+000 -1.400000e+001 1.714616e-010 
-4.000000e+000 -1.400000e+001 1.751019e-010 
-3.000000e+000 -1.400000e+001 1.778848e-010 
-2.000000e+000 -1.400000e+001 1.800871e-010 
-1.000000e+000 -1.400000e+001 1.816412e-010 
0.000000e+000 -1.400000e+001 1.820524e-010 
1.000000e+000 -1.400000e+001 1.804029e-010 
2.000000e+000 -1.400000e+001 1.754678e-010 
3.000000e+000 -1.400000e+001 1.659422e-010 
4.000000e+000 -1.400000e+001 1.507452e-010 
5.000000e+000 -1.400000e+001 1.293305e-010 
6.000000e+000 -1.400000e+001 1.019152e-010 
7.000000e+000 -1.400000e+001 6.956068e-011 
8.000000e+000 -1.400000e+001 3.407473e-011 
9.000000e+000 -1.400000e+001 2.236086e-012 
1.000000e+001 -1.400000e+001 3.689925e-011 
1.100000e+001 -1.400000e+001 6.761357e-011 
1.200000e+001 -1.400000e+001 9.252340e-011 
1.300000e+001 -1.400000e+001 1.103899e-010 
1.400000e+001 -1.400000e+001 1.206502e-010 
1.500000e+001 -1.400000e+001 1.233805e-010 
1.600000e+001 -1.400000e+001 1.191899e-010 
1.700000e+001 -1.400000e+001 1.090791e-010 
1.800000e+001 -1.400000e+001 9.428860e-011 
1.900000e+001 -1.400000e+001 7.615983e-011 
2.000000e+001 -1.400000e+001 5.601925e-011 
-2.000000e+001 -1.300000e+001 5.028067e-011 
-1.900000e+001 -1.300000e+001 3.400582e-011 
-1.800000e+001 -1.300000e+001 1.515078e-011 
-1.700000e+001 -1.300000e+001 5.849514e-012 
-1.600000e+001 -1.300000e+001 2.839864e-011 
-1.500000e+001 -1.300000e+001 5.175118e-011 
-1.400000e+001 -1.300000e+001 7.504343e-011 
-1.300000e+001 -1.300000e+001 9.734487e-011 
-1.200000e+001 -1.300000e+001 1.177306e-010 
-1.100000e+001 -1.300000e+001 1.353713e-010 
-1.000000e+001 -1.300000e+001 1.496326e-010 
-9.000000e+000 -1.300000e+001 1.601697e-010 
-8.000000e+000 -1.300000e+001 1.670015e-010 
-7.000000e+000 -1.300000e+001 1.705420e-010 
-6.000000e+000 -1.300000e+001 1.715766e-010 
-5.000000e+000 -1.300000e+001 1.711705e-010 
-4.000000e+000 -1.300000e+001 1.705143e-010 
-3.000000e+000 -1.300000e+001 1.707194e-010 
-2.000000e+000 -1.300000e+001 1.725870e-010 
-1.000000e+000 -1.300000e+001 1.763850e-010 
0.000000e+000 -1.300000e+001 1.816737e-010 
1.000000e+000 -1.300000e+001 1.872354e-010 
2.000000e+000 -1.300000e+001 1.911602e-010 
3.000000e+000 -1.300000e+001 1.911256e-010 
4.000000e+000 -1.300000e+001 1.848458e-010 
5.000000e+000 -1.300000e+001 1.705998e-010 
6.000000e+000 -1.300000e+001 1.476913e-010 
7.000000e+000 -1.300000e+001 1.166978e-010 
8.000000e+000 -1.300000e+001 7.943324e-011 
9.000000e+000 -1.300000e+001 3.864320e-011 
1.000000e+001 -1.300000e+001 2.467358e-012 
1.100000e+001 -1.300000e+001 4.074173e-011 
1.200000e+001 -1.300000e+001 7.349956e-011 
1.300000e+001 -1.300000e+001 9.881650e-011 
1.400000e+001 -1.300000e+001 1.156386e-010 
1.500000e+001 -1.300000e+001 1.237534e-010 
1.600000e+001 -1.300000e+001 1.236613e-010 
1.700000e+001 -1.300000e+001 1.163927e-010 
1.800000e+001 -1.300000e+001 1.033134e-010 
1.900000e+001 -1.300000e+001 8.594353e-011 
2.000000e+001 -1.300000e+001 6.580932e-011 
-2.000000e+001 -1.200000e+001 3.504829e-011 
-1.900000e+001 -1.200000e+001 1.564557e-011 
-1.800000e+001 -1.200000e+001 6.211747e-012 
-1.700000e+001 -1.200000e+001 2.989548e-011 
-1.600000e+001 -1.200000e+001 5.457912e-011 
-1.500000e+001 -1.200000e+001 7.925817e-011 
-1.400000e+001 -1.200000e+001 1.027957e-010 
-1.300000e+001 -1.200000e+001 1.239973e-010 
-1.200000e+001 -1.200000e+001 1.417150e-010 
-1.100000e+001 -1.200000e+001 1.549764e-010 
-1.000000e+001 -1.200000e+001 1.631252e-010 
-9.000000e+000 -1.200000e+001 1.659543e-010 
-8.000000e+000 -1.200000e+001 1.638038e-010 
-7.000000e+000 -1.200000e+001 1.575969e-010 
-6.000000e+000 -1.200000e+001 1.487911e-010 
-5.000000e+000 -1.200000e+001 1.392397e-010 
-4.000000e+000 -1.200000e+001 1.309730e-010 
-3.000000e+000 -1.200000e+001 1.259251e-010 
-2.000000e+000 -1.200000e+001 1.256366e-010 
-1.000000e+000 -1.200000e+001 1.309524e-010 
0.000000e+000 -1.200000e+001 1.417426e-010 
1.000000e+000 -1.200000e+001 1.566933e-010 
2.000000e+000 -1.200000e+001 1.732646e-010 
3.000000e+000 -1.200000e+001 1.879279e-010 
4.000000e+000 -1.200000e+001 1.967381e-010 
5.000000e+000 -1.200000e+001 1.961579e-010 
6.000000e+000 -1.200000e+001 1.838994e-010 
7.000000e+000 -1.200000e+001 1.595041e-010 
8.000000e+000 -1.200000e+001 1.244695e-010 
9.000000e+000 -1.200000e+001 8.190827e-011 
1.000000e+001 -1.200000e+001 3.588619e-011 
1.100000e+001 -1.200000e+001 9.338690e-012 
1.200000e+001 -1.200000e+001 4.997969e-011 
1.300000e+001 -1.200000e+001 8.316868e-011 
1.400000e+001 -1.200000e+001 1.071566e-010 
1.500000e+001 -1.200000e+001 1.213014e-010 
1.600000e+001 -1.200000e+001 1.259095e-010 
1.700000e+001 -1.200000e+001 1.220002e-010 
1.800000e+001 -1.200000e+001 1.110518e-010 
1.900000e+001 -1.200000e+001 9.476854e-011 
2.000000e+001 -1.200000e+001 7.489023e-011 
-2.000000e+001 -1.100000e+001 1.849050e-011 
-1.900000e+001 -1.100000e+001 3.758428e-012 
-1.800000e+001 -1.100000e+001 2.815294e-011 
-1.700000e+001 -1.100000e+001 5.381751e-011 
-1.600000e+001 -1.100000e+001 7.963456e-011 
-1.500000e+001 -1.100000e+001 1.042758e-010 
-1.400000e+001 -1.100000e+001 1.262686e-010 
-1.300000e+001 -1.100000e+001 1.441024e-010 
-1.200000e+001 -1.100000e+001 1.563770e-010 
-1.100000e+001 -1.100000e+001 1.619834e-010 
-1.000000e+001 -1.100000e+001 1.602995e-010 
-9.000000e+000 -1.100000e+001 1.513675e-010 
-8.000000e+000 -1.100000e+001 1.360132e-010 
-7.000000e+000 -1.100000e+001 1.158630e-010 
-6.000000e+000 -1.100000e+001 9.323548e-011 
-5.000000e+000 -1.100000e+001 7.090962e-011 
-4.000000e+000 -1.100000e+001 5.181552e-011 
-3.000000e+000 -1.100000e+001 3.871186e-011 
-2.000000e+000 -1.100000e+001 3.389716e-011 
-1.000000e+000 -1.100000e+001 3.894342e-011 
0.000000e+000 -1.100000e+001 5.438693e-011 
1.000000e+000 -1.100000e+001 7.933880e-011 
2.000000e+000 -1.100000e+001 1.111185e-010 
3.000000e+000 -1.100000e+001 1.451831e-010 
4.000000e+000 -1.100000e+001 1.756396e-010 
5.000000e+000 -1.100000e+001 1.963892e-010 
6.000000e+000 -1.100000e+001 2.025796e-010 
7.000000e+000 -1.100000e+001 1.918157e-010 
8.000000e+000 -1.100000e+001 1.646762e-010 
9.000000e+000 -1.100000e+001 1.244116e-010 
1.000000e+001 -1.100000e+001 7.603715e-011 
1.100000e+001 -1.100000e+001 2.519372e-011 
1.200000e+001 -1.100000e+001 2.287579e-011 
1.300000e+001 -1.100000e+001 6.403121e-011 
1.400000e+001 -1.100000e+001 9.556821e-011 
1.500000e+001 -1.100000e+001 1.162350e-010 
1.600000e+001 -1.100000e+001 1.260348e-010 
1.700000e+001 -1.100000e+001 1.259204e-010 
1.800000e+001 -1.100000e+001 1.174632e-010 
1.900000e+001 -1.100000e+001 1.025524e-010 
2.000000e+001 -1.100000e+001 8.315206e-011 
-2.000000e+001 -1.000000e+001 1.189734e-012 
-1.900000e+001 -1.000000e+001 2.347646e-011 
-1.800000e+001 -1.000000e+001 4.976803e-011 
-1.700000e+001 -1.000000e+001 7.650522e-011 
-1.600000e+001 -1.000000e+001 1.022172e-010 
-1.500000e+001 -1.000000e+001 1.251895e-010 
-1.400000e+001 -1.000000e+001 1.435593e-010 
-1.300000e+001 -1.000000e+001 1.554669e-010 
-1.200000e+001 -1.000000e+001 1.592648e-010 
-1.100000e+001 -1.000000e+001 1.537700e-010 
-1.000000e+001 -1.000000e+001 1.385321e-010 
-9.000000e+000 -1.000000e+001 1.140613e-010 
-8.000000e+000 -1.000000e+001 8.195001e-011 
-7.000000e+000 -1.000000e+001 4.482004e-011 
-6.000000e+000 -1.000000e+001 6.059859e-012 
-5.000000e+000 -1.000000e+001 3.061049e-011 
-4.000000e+000 -1.000000e+001 6.162211e-011 
-3.000000e+000 -1.000000e+001 8.390874e-011 
-2.000000e+000 -1.000000e+001 9.500141e-011 
-1.000000e+000 -1.000000e+001 9.292811e-011 
0.000000e+000 -1.000000e+001 7.621434e-011 
1.000000e+000 -1.000000e+001 4.434487e-011 
2.000000e+000 -1.000000e+001 1.250869e-012 
3.000000e+000 -1.000000e+001 5.619653e-011 
4.000000e+000 -1.000000e+001 1.130234e-010 
5.000000e+000 -1.000000e+001 1.624430e-010 
6.000000e+000 -1.000000e+001 1.957164e-010 
7.000000e+000 -1.000000e+001 2.070634e-010 
8.000000e+000 -1.000000e+001 1.950496e-010 
9.000000e+000 -1.000000e+001 1.625291e-010 
1.000000e+001 -1.000000e+001 1.154357e-010 
1.100000e+001 -1.000000e+001 6.108145e-011 
1.200000e+001 -1.000000e+001 6.578015e-012 
1.300000e+001 -1.000000e+001 4.226295e-011 
1.400000e+001 -1.000000e+001 8.146446e-011 
1.500000e+001 -1.000000e+001 1.089464e-010 
1.600000e+001 -1.000000e+001 1.242777e-010 
1.700000e+001 -1.000000e+001 1.282768e-010 
1.800000e+001 -1.000000e+001 1.225820e-010 
1.900000e+001 -1.000000e+001 1.092641e-010 
2.000000e+001 -1.000000e+001 9.051884e-011 
-2.000000e+001 -9.000000e+000 1.624784e-011 
-1.900000e+001 -9.000000e+000 4.277505e-011 
-1.800000e+001 -9.000000e+000 7.018127e-011 
-1.700000e+001 -9.000000e+000 9.692853e-011 
-1.600000e+001 -9.000000e+000 1.211374e-010 
-1.500000e+001 -9.000000e+000 1.406582e-010 
-1.400000e+001 -9.000000e+000 1.532085e-010 
-1.300000e+001 -9.000000e+000 1.565890e-010 
-1.200000e+001 -9.000000e+000 1.489791e-010 
-1.100000e+001 -9.000000e+000 1.292918e-010 
-1.000000e+001 -9.000000e+000 9.753910e-011 
-9.000000e+000 -9.000000e+000 5.511876e-011 
-8.000000e+000 -9.000000e+000 4.903660e-012 
-7.000000e+000 -9.000000e+000 4.898670e-011 
-6.000000e+000 -9.000000e+000 1.017887e-010 
-5.000000e+000 -9.000000e+000 1.489801e-010 
-4.000000e+000 -9.000000e+000 1.871518e-010 
-3.000000e+000 -9.000000e+000 2.144240e-010 
-2.000000e+000 -9.000000e+000 2.300429e-010 
-1.000000e+000 -9.000000e+000 2.332251e-010 
0.000000e+000 -9.000000e+000 2.219651e-010 
1.000000e+000 -9.000000e+000 1.929648e-010 
2.000000e+000 -9.000000e+000 1.434666e-010 
3.000000e+000 -9.000000e+000 7.439051e-011 
4.000000e+000 -9.000000e+000 7.321722e-012 
5.000000e+000 -9.000000e+000 8.925357e-011 
6.000000e+000 -9.000000e+000 1.571210e-010 
7.000000e+000 -9.000000e+000 1.994462e-010 
8.000000e+000 -9.000000e+000 2.108306e-010 
9.000000e+000 -9.000000e+000 1.926259e-010 
1.000000e+001 -9.000000e+000 1.513922e-010 
1.100000e+001 -9.000000e+000 9.634567e-011 
1.200000e+001 -9.000000e+000 3.691779e-011 
1.300000e+001 -9.000000e+000 1.894931e-011 
1.400000e+001 -9.000000e+000 6.564068e-011 
1.500000e+001 -9.000000e+000 1.000001e-010 
1.600000e+001 -9.000000e+000 1.210151e-010 
1.700000e+001 -9.000000e+000 1.292956e-010 
1.800000e+001 -9.000000e+000 1.265165e-010 
1.900000e+001 -9.000000e+000 1.149238e-010 
2.000000e+001 -9.000000e+000 9.694878e-011 
-2.000000e+001 -8.000000e+000 3.323476e-011 
-1.900000e+001 -8.000000e+000 6.097399e-011 
-1.800000e+001 -8.000000e+000 8.862249e-011 
-1.700000e+001 -8.000000e+000 1.142401e-010 
-1.600000e+001 -8.000000e+000 1.355000e-010 
-1.500000e+001 -8.000000e+000 1.497958e-010 
-1.400000e+001 -8.000000e+000 1.544404e-010 
-1.300000e+001 -8.000000e+000 1.469752e-010 
-1.200000e+001 -8.000000e+000 1.255919e-010 
-1.100000e+001 -8.000000e+000 8.963575e-011 
-1.000000e+001 -8.000000e+000 4.011260e-011 
-9.000000e+000 -8.000000e+000 1.995201e-011 
-8.000000e+000 -8.000000e+000 8.550940e-011 
-7.000000e+000 -8.000000e+000 1.500643e-010 
-6.000000e+000 -8.000000e+000 2.069450e-010 
-5.000000e+000 -8.000000e+000 2.510898e-010 
-4.000000e+000 -8.000000e+000 2.807417e-010 
-3.000000e+000 -8.000000e+000 2.980872e-010 
-2.000000e+000 -8.000000e+000 3.079870e-010 
-1.000000e+000 -8.000000e+000 3.147422e-010 
0.000000e+000 -8.000000e+000 3.181299e-010 
1.000000e+000 -8.000000e+000 3.111452e-010 
2.000000e+000 -8.000000e+000 2.820782e-010 
3.000000e+000 -8.000000e+000 2.214033e-010 
4.000000e+000 -8.000000e+000 1.296715e-010 
5.000000e+000 -8.000000e+000 2.034129e-011 
6.000000e+000 -8.000000e+000 8.500205e-011 
7.000000e+000 -8.000000e+000 1.655494e-010 
8.000000e+000 -8.000000e+000 2.085384e-010 
9.000000e+000 -8.000000e+000 2.117158e-010 
1.000000e+001 -8.000000e+000 1.814871e-010 
1.100000e+001 -8.000000e+000 1.290474e-010 
1.200000e+001 -8.000000e+000 6.659040e-011 
1.300000e+001 -8.000000e+000 4.676885e-012 
1.400000e+001 -8.000000e+000 4.905150e-011 
1.500000e+001 -8.000000e+000 9.010488e-011 
1.600000e+001 -8.000000e+000 1.167425e-010 
1.700000e+001 -8.000000e+000 1.292935e-010 
1.800000e+001 -8.000000e+000 1.294404e-010 
1.900000e+001 -8.000000e+000 1.195971e-010 
2.000000e+001 -8.000000e+000 1.024307e-010 
-2.000000e+001 -7.000000e+000 4.924364e-011 
-1.900000e+001 -7.000000e+000 7.749994e-011 
-1.800000e+001 -7.000000e+000 1.044960e-010 
-1.700000e+001 -7.000000e+000 1.278632e-010 
-1.600000e+001 -7.000000e+000 1.448153e-010 
-1.500000e+001 -7.000000e+000 1.523086e-010 
-1.400000e+001 -7.000000e+000 1.473282e-010 
-1.300000e+001 -7.000000e+000 1.273320e-010 
-1.200000e+001 -7.000000e+000 9.085305e-011 
-1.100000e+001 -7.000000e+000 3.822063e-011 
-1.000000e+001 -7.000000e+000 2.772890e-011 
-9.000000e+000 -7.000000e+000 1.011948e-010 
-8.000000e+000 -7.000000e+000 1.735760e-010 
-7.000000e+000 -7.000000e+000 2.346672e-010 
-6.000000e+000 -7.000000e+000 2.751182e-010 
-5.000000e+000 -7.000000e+000 2.898233e-010 
-4.000000e+000 -7.000000e+000 2.810197e-010 
-3.000000e+000 -7.000000e+000 2.591888e-010 
-2.000000e+000 -7.000000e+000 2.402859e-010 
-1.000000e+000 -7.000000e+000 2.395616e-010 
0.000000e+000 -7.000000e+000 2.638363e-010 
1.000000e+000 -7.000000e+000 3.047759e-010 
2.000000e+000 -7.000000e+000 3.376231e-010 
3.000000e+000 -7.000000e+000 3.311429e-010 
4.000000e+000 -7.000000e+000 2.666318e-010 
5.000000e+000 -7.000000e+000 1.514772e-010 
6.000000e+000 -7.000000e+000 1.538918e-011 
7.000000e+000 -7.000000e+000 1.060765e-010 
8.000000e+000 -7.000000e+000 1.871254e-010 
9.000000e+000 -7.000000e+000 2.182189e-010 
1.000000e+001 -7.000000e+000 2.040473e-010 
1.100000e+001 -7.000000e+000 1.575749e-010 
1.200000e+001 -7.000000e+000 9.412250e-011 
1.300000e+001 -7.000000e+000 2.733559e-011 
1.400000e+001 -7.000000e+000 3.274841e-011 
1.500000e+001 -7.000000e+000 8.007285e-011 
1.600000e+001 -7.000000e+000 1.120444e-010 
1.700000e+001 -7.000000e+000 1.286556e-010 
1.800000e+001 -7.000000e+000 1.315767e-010 
1.900000e+001 -7.000000e+000 1.233836e-010 
2.000000e+001 -7.000000e+000 1.069766e-010 
-2.000000e+001 -6.000000e+000 6.384223e-011 
-1.900000e+001 -6.000000e+000 9.192900e-011 
-1.800000e+001 -6.000000e+000 1.174314e-010 
-1.700000e+001 -6.000000e+000 1.375500e-010 
-1.600000e+001 -6.000000e+000 1.490621e-010 
-1.500000e+001 -6.000000e+000 1.485549e-010 
-1.400000e+001 -6.000000e+000 1.328343e-010 
-1.300000e+001 -6.000000e+000 9.955294e-011 
-1.200000e+001 -6.000000e+000 4.806434e-011 
-1.100000e+001 -6.000000e+000 1.955529e-011 
-1.000000e+001 -6.000000e+000 9.751423e-011 
-9.000000e+000 -6.000000e+000 1.757382e-010 
-8.000000e+000 -6.000000e+000 2.403600e-010 
-7.000000e+000 -6.000000e+000 2.760118e-010 
-6.000000e+000 -6.000000e+000 2.703519e-010 
-5.000000e+000 -6.000000e+000 2.200973e-010 
-4.000000e+000 -6.000000e+000 1.358499e-010 
-3.000000e+000 -6.000000e+000 4.165085e-011 
-2.000000e+000 -6.000000e+000 3.244517e-011 
-1.000000e+000 -6.000000e+000 6.009975e-011 
0.000000e+000 -6.000000e+000 2.442958e-011 
1.000000e+000 -6.000000e+000 7.584814e-011 
2.000000e+000 -6.000000e+000 2.125952e-010 
3.000000e+000 -6.000000e+000 3.250528e-010 
4.000000e+000 -6.000000e+000 3.520820e-010 
5.000000e+000 -6.000000e+000 2.758625e-010 
6.000000e+000 -6.000000e+000 1.304261e-010 
7.000000e+000 -6.000000e+000 2.700543e-011 
8.000000e+000 -6.000000e+000 1.489028e-010 
9.000000e+000 -6.000000e+000 2.126264e-010 
1.000000e+001 -6.000000e+000 2.185800e-010 
1.100000e+001 -6.000000e+000 1.809090e-010 
1.200000e+001 -6.000000e+000 1.182809e-010 
1.300000e+001 -6.000000e+000 4.780147e-011 
1.400000e+001 -6.000000e+000 1.780921e-011 
1.500000e+001 -6.000000e+000 7.076616e-011 
1.600000e+001 -6.000000e+000 1.075531e-010 
1.700000e+001 -6.000000e+000 1.278041e-010 
1.800000e+001 -6.000000e+000 1.331742e-010 
1.900000e+001 -6.000000e+000 1.264002e-010 
2.000000e+001 -6.000000e+000 1.106110e-010 
-2.000000e+001 -5.000000e+000 7.671770e-011 
-1.900000e+001 -5.000000e+000 1.040122e-010 
-1.800000e+001 -5.000000e+000 1.273070e-010 
-1.700000e+001 -5.000000e+000 1.433979e-010 
-1.600000e+001 -5.000000e+000 1.486855e-010 
-1.500000e+001 -5.000000e+000 1.395054e-010 
-1.400000e+001 -5.000000e+000 1.126965e-010 
-1.300000e+001 -5.000000e+000 6.646689e-011 
-1.200000e+001 -5.000000e+000 1.572673e-012 
-1.100000e+001 -5.000000e+000 7.727782e-011 
-1.000000e+001 -5.000000e+000 1.600953e-010 
-9.000000e+000 -5.000000e+000 2.310010e-010 
-8.000000e+000 -5.000000e+000 2.694211e-010 
-7.000000e+000 -5.000000e+000 2.544495e-010 
-6.000000e+000 -5.000000e+000 1.731908e-010 
-5.000000e+000 -5.000000e+000 3.137039e-011 
-4.000000e+000 -5.000000e+000 1.405401e-010 
-3.000000e+000 -5.000000e+000 2.963020e-010 
-2.000000e+000 -5.000000e+000 4.000596e-010 
-1.000000e+000 -5.000000e+000 4.454957e-010 
0.000000e+000 -5.000000e+000 4.347801e-010 
1.000000e+000 -5.000000e+000 3.403023e-010 
2.000000e+000 -5.000000e+000 1.321200e-010 
3.000000e+000 -5.000000e+000 1.351765e-010 
4.000000e+000 -5.000000e+000 3.286016e-010 
5.000000e+000 -5.000000e+000 3.574421e-010 
6.000000e+000 -5.000000e+000 2.401091e-010 
7.000000e+000 -5.000000e+000 6.076511e-011 
8.000000e+000 -5.000000e+000 9.977662e-011 
9.000000e+000 -5.000000e+000 1.978196e-010 
1.000000e+001 -5.000000e+000 2.260116e-010 
1.100000e+001 -5.000000e+000 1.987773e-010 
1.200000e+001 -5.000000e+000 1.381764e-010 
1.300000e+001 -5.000000e+000 6.498322e-011 
1.400000e+001 -5.000000e+000 5.270770e-012 
1.500000e+001 -5.000000e+000 6.303886e-011 
1.600000e+001 -5.000000e+000 1.038997e-010 
1.700000e+001 -5.000000e+000 1.271591e-010 
1.800000e+001 -5.000000e+000 1.344780e-010 
1.900000e+001 -5.000000e+000 1.287607e-010 
2.000000e+001 -5.000000e+000 1.133572e-010 
-2.000000e+001 -4.000000e+000 8.768712e-011 
-1.900000e+001 -4.000000e+000 1.136798e-010 
-1.800000e+001 -4.000000e+000 1.342425e-010 
-1.700000e+001 -4.000000e+000 1.458199e-010 
-1.600000e+001 -4.000000e+000 1.445283e-010 
-1.500000e+001 -4.000000e+000 1.266061e-010 
-1.400000e+001 -4.000000e+000 8.917373e-011 
-1.300000e+001 -4.000000e+000 3.138209e-011 
-1.200000e+001 -4.000000e+000 4.402927e-011 
-1.100000e+001 -4.000000e+000 1.289026e-010 
-1.000000e+001 -4.000000e+000 2.080266e-010 
-9.000000e+000 -4.000000e+000 2.587450e-010 
-8.000000e+000 -4.000000e+000 2.536735e-010 
-7.000000e+000 -4.000000e+000 1.690613e-010 
-6.000000e+000 -4.000000e+000 4.698300e-013 
-5.000000e+000 -4.000000e+000 2.179889e-010 
-4.000000e+000 -4.000000e+000 4.077884e-010 
-3.000000e+000 -4.000000e+000 4.831913e-010 
-2.000000e+000 -4.000000e+000 4.341076e-010 
-1.000000e+000 -4.000000e+000 3.663177e-010 
0.000000e+000 -4.000000e+000 4.034291e-010 
1.000000e+000 -4.000000e+000 5.233226e-010 
2.000000e+000 -4.000000e+000 5.071381e-010 
3.000000e+000 -4.000000e+000 2.124568e-010 
4.000000e+000 -4.000000e+000 1.691086e-010 
5.000000e+000 -4.000000e+000 3.684381e-010 
6.000000e+000 -4.000000e+000 3.248181e-010 
7.000000e+000 -4.000000e+000 1.438824e-010 
8.000000e+000 -4.000000e+000 4.846693e-011 
9.000000e+000 -4.000000e+000 1.788205e-010 
1.000000e+001 -4.000000e+000 2.285872e-010 
1.100000e+001 -4.000000e+000 2.116135e-010 
1.200000e+001 -4.000000e+000 1.532663e-010 
1.300000e+001 -4.000000e+000 7.795948e-011 
1.400000e+001 -4.000000e+000 3.925450e-012 
1.500000e+001 -4.000000e+000 5.767767e-011 
1.600000e+001 -4.000000e+000 1.016598e-010 
1.700000e+001 -4.000000e+000 1.270936e-010 
1.800000e+001 -4.000000e+000 1.356962e-010 
1.900000e+001 -4.000000e+000 1.305526e-010 
2.000000e+001 -4.000000e+000 1.152225e-010 
-2.000000e+001 -3.000000e+000 9.669308e-011 
-1.900000e+001 -3.000000e+000 1.210249e-010 
-1.800000e+001 -3.000000e+000 1.385620e-010 
-1.700000e+001 -3.000000e+000 1.454736e-010 
-1.600000e+001 -3.000000e+000 1.377066e-010 
-1.500000e+001 -3.000000e+000 1.115698e-010 
-1.400000e+001 -3.000000e+000 6.470478e-011 
-1.300000e+001 -3.000000e+000 2.462131e-012 
-1.200000e+001 -3.000000e+000 8.477388e-011 
-1.100000e+001 -3.000000e+000 1.701207e-010 
-1.000000e+001 -3.000000e+000 2.376656e-010 
-9.000000e+000 -3.000000e+000 2.581859e-010 
-8.000000e+000 -3.000000e+000 1.996496e-010 
-7.000000e+000 -3.000000e+000 4.255320e-011 
-6.000000e+000 -3.000000e+000 1.917261e-010 
-5.000000e+000 -3.000000e+000 4.079030e-010 
-4.000000e+000 -3.000000e+000 4.413577e-010 
-3.000000e+000 -3.000000e+000 1.801235e-010 
-2.000000e+000 -3.000000e+000 2.297963e-010 
-1.000000e+000 -3.000000e+000 4.780738e-010 
0.000000e+000 -3.000000e+000 4.723392e-010 
1.000000e+000 -3.000000e+000 1.404514e-010 
2.000000e+000 -3.000000e+000 4.241144e-010 
3.000000e+000 -3.000000e+000 5.211889e-010 
4.000000e+000 -3.000000e+000 8.037840e-011 
5.000000e+000 -3.000000e+000 3.112277e-010 
6.000000e+000 -3.000000e+000 3.750779e-010 
7.000000e+000 -3.000000e+000 2.104461e-010 
8.000000e+000 -3.000000e+000 4.840685e-012 
9.000000e+000 -3.000000e+000 1.619144e-010 
1.000000e+001 -3.000000e+000 2.293520e-010 
1.100000e+001 -3.000000e+000 2.202739e-010 
1.200000e+001 -3.000000e+000 1.632371e-010 
1.300000e+001 -3.000000e+000 8.596482e-011 
1.400000e+001 -3.000000e+000 8.972424e-012 
1.500000e+001 -3.000000e+000 5.534444e-011 
1.600000e+001 -3.000000e+000 1.012972e-010 
1.700000e+001 -3.000000e+000 1.278879e-010 
1.800000e+001 -3.000000e+000 1.369656e-010 
1.900000e+001 -3.000000e+000 1.318139e-010 
2.000000e+001 -3.000000e+000 1.161850e-010 
-2.000000e+001 -2.000000e+000 1.037861e-010 
-1.900000e+001 -2.000000e+000 1.262687e-010 
-1.800000e+001 -2.000000e+000 1.407328e-010 
-1.700000e+001 -2.000000e+000 1.431625e-010 
-1.600000e+001 -2.000000e+000 1.294547e-010 
-1.500000e+001 -2.000000e+000 9.614078e-011 
-1.400000e+001 -2.000000e+000 4.156430e-011 
-1.300000e+001 -2.000000e+000 3.238231e-011 
-1.200000e+001 -2.000000e+000 1.179758e-010 
-1.100000e+001 -2.000000e+000 1.991755e-010 
-1.000000e+001 -2.000000e+000 2.500058e-010 
-9.000000e+000 -2.000000e+000 2.362978e-010 
-8.000000e+000 -2.000000e+000 1.255757e-010 
-7.000000e+000 -2.000000e+000 8.778157e-011 
-6.000000e+000 -2.000000e+000 3.375355e-010 
-5.000000e+000 -2.000000e+000 4.413604e-010 
-4.000000e+000 -2.000000e+000 1.622810e-010 
-3.000000e+000 -2.000000e+000 4.256603e-010 
-2.000000e+000 -2.000000e+000 5.834101e-010 
-1.000000e+000 -2.000000e+000 9.820685e-011 
0.000000e+000 -2.000000e+000 2.432366e-012 
1.000000e+000 -2.000000e+000 5.317815e-010 
2.000000e+000 -2.000000e+000 2.435321e-010 
3.000000e+000 -2.000000e+000 5.552057e-010 
4.000000e+000 -2.000000e+000 3.083419e-010 
5.000000e+000 -2.000000e+000 2.284886e-010 
6.000000e+000 -2.000000e+000 3.975855e-010 
7.000000e+000 -2.000000e+000 2.528984e-010 
8.000000e+000 -2.000000e+000 2.194056e-011 
9.000000e+000 -2.000000e+000 1.532957e-010 
1.000000e+001 -2.000000e+000 2.312556e-010 
1.100000e+001 -2.000000e+000 2.255420e-010 
1.200000e+001 -2.000000e+000 1.677926e-010 
1.300000e+001 -2.000000e+000 8.834342e-011 
1.400000e+001 -2.000000e+000 9.229264e-012 
1.500000e+001 -2.000000e+000 5.651893e-011 
1.600000e+001 -2.000000e+000 1.031075e-010 
1.700000e+001 -2.000000e+000 1.296839e-010 
1.800000e+001 -2.000000e+000 1.383207e-010 
1.900000e+001 -2.000000e+000 1.325141e-010 
2.000000e+001 -2.000000e+000 1.161821e-010 
-2.000000e+001 -1.000000e+000 1.090971e-010 
-1.900000e+001 -1.000000e+000 1.297145e-010 
-1.800000e+001 -1.000000e+000 1.412937e-010 
-1.700000e+001 -1.000000e+000 1.397270e-010 
-1.600000e+001 -1.000000e+000 1.209694e-010 
-1.500000e+001 -1.000000e+000 8.188450e-011 
-1.400000e+001 -1.000000e+000 2.159791e-011 
-1.300000e+001 -1.000000e+000 5.654215e-011 
-1.200000e+001 -1.000000e+000 1.424600e-010 
-1.100000e+001 -1.000000e+000 2.167981e-010 
-1.000000e+001 -1.000000e+000 2.497798e-010 
-9.000000e+000 -1.000000e+000 2.048486e-010 
-8.000000e+000 -1.000000e+000 5.350591e-011 
-7.000000e+000 -1.000000e+000 1.893689e-010 
-6.000000e+000 -1.000000e+000 4.065313e-010 
-5.000000e+000 -1.000000e+000 3.415634e-010 
-4.000000e+000 -1.000000e+000 2.028048e-010 
-3.000000e+000 -1.000000e+000 6.095212e-010 
-2.000000e+000 -1.000000e+000 2.760776e-010 
-1.000000e+000 -1.000000e+000 1.535560e-010 
0.000000e+000 -1.000000e+000 1.793060e-010 
1.000000e+000 -1.000000e+000 3.769872e-010 
2.000000e+000 -1.000000e+000 5.910717e-010 
3.000000e+000 -1.000000e+000 4.033461e-010 
4.000000e+000 -1.000000e+000 4.252149e-010 
5.000000e+000 -1.000000e+000 1.844039e-010 
6.000000e+000 -1.000000e+000 4.091561e-010 
7.000000e+000 -1.000000e+000 2.671314e-010 
8.000000e+000 -1.000000e+000 2.473002e-011 
9.000000e+000 -1.000000e+000 1.574942e-010 
1.000000e+001 -1.000000e+000 2.360525e-010 
1.100000e+001 -1.000000e+000 2.275511e-010 
1.200000e+001 -1.000000e+000 1.664305e-010 
1.300000e+001 -1.000000e+000 8.451294e-011 
1.400000e+001 -1.000000e+000 4.262386e-012 
1.500000e+001 -1.000000e+000 6.143919e-011 
1.600000e+001 -1.000000e+000 1.071655e-010 
1.700000e+001 -1.000000e+000 1.324478e-010 
1.800000e+001 -1.000000e+000 1.396694e-010 
1.900000e+001 -1.000000e+000 1.325410e-010 
2.000000e+001 -1.000000e+000 1.151060e-010 
-2.000000e+001 0.000000e+000 1.128051e-010 
-1.900000e+001 0.000000e+000 1.316980e-010 
-1.800000e+001 0.000000e+000 1.407818e-010 
-1.700000e+001 0.000000e+000 1.359440e-010 
-1.600000e+001 0.000000e+000 1.132813e-010 
-1.500000e+001 0.000000e+000 7.003915e-011 
-1.400000e+001 0.000000e+000 6.087111e-012 
-1.300000e+001 0.000000e+000 7.399270e-011 
-1.200000e+001 0.000000e+000 1.583280e-010 
-1.100000e+001 0.000000e+000 2.253397e-010 
-1.000000e+001 0.000000e+000 2.432896e-010 
-9.000000e+000 0.000000e+000 1.757886e-010 
-8.000000e+000 0.000000e+000 6.345858e-013 
-7.000000e+000 0.000000e+000 2.483297e-010 
-6.000000e+000 0.000000e+000 4.180429e-010 
-5.000000e+000 0.000000e+000 2.256144e-010 
-4.000000e+000 0.000000e+000 4.043674e-010 
-3.000000e+000 0.000000e+000 4.175236e-010 
-2.000000e+000 0.000000e+000 5.633095e-010 
-1.000000e+000 0.000000e+000 1.766473e-010 
0.000000e+000 0.000000e+000 0.000000e+000 
1.000000e+000 0.000000e+000 1.766473e-010 
2.000000e+000 0.000000e+000 5.633095e-010 
3.000000e+000 0.000000e+000 4.175236e-010 
4.000000e+000 0.000000e+000 4.043674e-010 
5.000000e+000 0.000000e+000 2.256144e-010 
6.000000e+000 0.000000e+000 4.180429e-010 
7.000000e+000 0.000000e+000 2.483297e-010 
8.000000e+000 0.000000e+000 6.345858e-013 
9.000000e+000 0.000000e+000 1.757886e-010 
1.000000e+001 0.000000e+000 2.432896e-010 
1.100000e+001 0.000000e+000 2.253397e-010 
1.200000e+001 0.000000e+000 1.583280e-010 
1.300000e+001 0.000000e+000 7.399270e-011 
1.400000e+001 0.000000e+000 6.087111e-012 
1.500000e+001 0.000000e+000 7.003915e-011 
1.600000e+001 0.000000e+000 1.132813e-010 
1.700000e+001 0.000000e+000 1.359440e-010 
1.800000e+001 0.000000e+000 1.407818e-010 
1.900000e+001 0.000000e+000 1.316980e-010 
2.000000e+001 0.000000e+000 1.128051e-010 
-2.000000e+001 1.000000e+000 1.151057e-010 
-1.900000e+001 1.000000e+000 1.325409e-010 
-1.800000e+001 1.000000e+000 1.396695e-010 
-1.700000e+001 1.000000e+000 1.324481e-010 
-1.600000e+001 1.000000e+000 1.071661e-010 
-1.500000e+001 1.000000e+000 6.144003e-011 
-1.400000e+001 1.000000e+000 4.261422e-012 
-1.300000e+001 1.000000e+000 8.451201e-011 
-1.200000e+001 1.000000e+000 1.664298e-010 
-1.100000e+001 1.000000e+000 2.275509e-010 
-1.000000e+001 1.000000e+000 2.360530e-010 
-9.000000e+000 1.000000e+000 1.574954e-010 
-8.000000e+000 1.000000e+000 2.472835e-011 
-7.000000e+000 1.000000e+000 2.671302e-010 
-6.000000e+000 1.000000e+000 4.091564e-010 
-5.000000e+000 1.000000e+000 1.844062e-010 
-4.000000e+000 1.000000e+000 4.252129e-010 
-3.000000e+000 1.000000e+000 4.033486e-010 
-2.000000e+000 1.000000e+000 5.910712e-010 
-1.000000e+000 1.000000e+000 3.769864e-010 
0.000000e+000 1.000000e+000 1.793050e-010 
1.000000e+000 1.000000e+000 1.535580e-010 
2.000000e+000 1.000000e+000 2.760747e-010 
3.000000e+000 1.000000e+000 6.095219e-010 
4.000000e+000 1.000000e+000 2.028020e-010 
5.000000e+000 1.000000e+000 3.415653e-010 
6.000000e+000 1.000000e+000 4.065309e-010 
7.000000e+000 1.000000e+000 1.893673e-010 
8.000000e+000 1.000000e+000 5.350756e-011 
9.000000e+000 1.000000e+000 2.048496e-010 
1.000000e+001 1.000000e+000 2.497800e-010 
1.100000e+001 1.000000e+000 2.167977e-010 
1.200000e+001 1.000000e+000 1.424591e-010 
1.300000e+001 1.000000e+000 5.654116e-011 
1.400000e+001 1.000000e+000 2.159887e-011 
1.500000e+001 1.000000e+000 8.188529e-011 
1.600000e+001 1.000000e+000 1.209699e-010 
1.700000e+001 1.000000e+000 1.397272e-010 
1.800000e+001 1.000000e+000 1.412938e-010 
1.900000e+001 1.000000e+000 1.297144e-010 
2.000000e+001 1.000000e+000 1.090968e-010 
-2.000000e+001 2.000000e+000 1.161819e-010 
-1.900000e+001 2.000000e+000 1.325140e-010 
-1.800000e+001 2.000000e+000 1.383208e-010 
-1.700000e+001 2.000000e+000 1.296842e-010 
-1.600000e+001 2.000000e+000 1.031081e-010 
-1.500000e+001 2.000000e+000 5.651977e-011 
-1.400000e+001 2.000000e+000 9.228308e-012 
-1.300000e+001 2.000000e+000 8.834250e-011 
-1.200000e+001 2.000000e+000 1.677920e-010 
-1.100000e+001 2.000000e+000 2.255419e-010 
-1.000000e+001 2.000000e+000 2.312561e-010 
-9.000000e+000 2.000000e+000 1.532969e-010 
-8.000000e+000 2.000000e+000 2.193892e-011 
-7.000000e+000 2.000000e+000 2.528971e-010 
-6.000000e+000 2.000000e+000 3.975857e-010 
-5.000000e+000 2.000000e+000 2.284907e-010 
-4.000000e+000 2.000000e+000 3.083396e-010 
-3.000000e+000 2.000000e+000 5.552069e-010 
-2.000000e+000 2.000000e+000 2.435290e-010 
-1.000000e+000 2.000000e+000 5.317830e-010 
0.000000e+000 2.000000e+000 2.429376e-012 
1.000000e+000 2.000000e+000 9.820998e-011 
2.000000e+000 2.000000e+000 5.834114e-010 
3.000000e+000 2.000000e+000 4.256581e-010 
4.000000e+000 2.000000e+000 1.622836e-010 
5.000000e+000 2.000000e+000 4.413611e-010 
6.000000e+000 2.000000e+000 3.375344e-010 
7.000000e+000 2.000000e+000 8.777978e-011 
8.000000e+000 2.000000e+000 1.255772e-010 
9.000000e+000 2.000000e+000 2.362986e-010 
1.000000e+001 2.000000e+000 2.500057e-010 
1.100000e+001 2.000000e+000 1.991750e-010 
1.200000e+001 2.000000e+000 1.179748e-010 
1.300000e+001 2.000000e+000 3.238129e-011 
1.400000e+001 2.000000e+000 4.156523e-011 
1.500000e+001 2.000000e+000 9.614151e-011 
1.600000e+001 2.000000e+000 1.294552e-010 
1.700000e+001 2.000000e+000 1.431627e-010 
1.800000e+001 2.000000e+000 1.407328e-010 
1.900000e+001 2.000000e+000 1.262684e-010 
2.000000e+001 2.000000e+000 1.037857e-010 
-2.000000e+001 3.000000e+000 1.161847e-010 
-1.900000e+001 3.000000e+000 1.318138e-010 
-1.800000e+001 3.000000e+000 1.369658e-010 
-1.700000e+001 3.000000e+000 1.278882e-010 
-1.600000e+001 3.000000e+000 1.012978e-010 
-1.500000e+001 3.000000e+000 5.534527e-011 
-1.400000e+001 3.000000e+000 8.971480e-012 
-1.300000e+001 3.000000e+000 8.596392e-011 
-1.200000e+001 3.000000e+000 1.632365e-010 
-1.100000e+001 3.000000e+000 2.202737e-010 
-1.000000e+001 3.000000e+000 2.293524e-010 
-9.000000e+000 3.000000e+000 1.619156e-010 
-8.000000e+000 3.000000e+000 4.842267e-012 
-7.000000e+000 3.000000e+000 2.104447e-010 
-6.000000e+000 3.000000e+000 3.750777e-010 
-5.000000e+000 3.000000e+000 3.112293e-010 
-4.000000e+000 3.000000e+000 8.037583e-011 
-3.000000e+000 3.000000e+000 5.211879e-010 
-2.000000e+000 3.000000e+000 4.241166e-010 
-1.000000e+000 3.000000e+000 1.404481e-010 
0.000000e+000 3.000000e+000 4.723370e-010 
1.000000e+000 3.000000e+000 4.780717e-010 
2.000000e+000 3.000000e+000 2.297934e-010 
3.000000e+000 3.000000e+000 1.801262e-010 
4.000000e+000 3.000000e+000 4.413588e-010 
5.000000e+000 3.000000e+000 4.079023e-010 
6.000000e+000 3.000000e+000 1.917243e-010 
7.000000e+000 3.000000e+000 4.255495e-011 
8.000000e+000 3.000000e+000 1.996508e-010 
9.000000e+000 3.000000e+000 2.581863e-010 
1.000000e+001 3.000000e+000 2.376653e-010 
1.100000e+001 3.000000e+000 1.701199e-010 
1.200000e+001 3.000000e+000 8.477288e-011 
1.300000e+001 3.000000e+000 2.461117e-012 
1.400000e+001 3.000000e+000 6.470566e-011 
1.500000e+001 3.000000e+000 1.115705e-010 
1.600000e+001 3.000000e+000 1.377070e-010 
1.700000e+001 3.000000e+000 1.454737e-010 
1.800000e+001 3.000000e+000 1.385619e-010 
1.900000e+001 3.000000e+000 1.210246e-010 
2.000000e+001 3.000000e+000 9.669265e-011 
-2.000000e+001 4.000000e+000 1.152223e-010 
-1.900000e+001 4.000000e+000 1.305525e-010 
-1.800000e+001 4.000000e+000 1.356963e-010 
-1.700000e+001 4.000000e+000 1.270940e-010 
-1.600000e+001 4.000000e+000 1.016604e-010 
-1.500000e+001 4.000000e+000 5.767849e-011 
-1.400000e+001 4.000000e+000 3.924521e-012 
-1.300000e+001 4.000000e+000 7.795857e-011 
-1.200000e+001 4.000000e+000 1.532656e-010 
-1.100000e+001 4.000000e+000 2.116132e-010 
-1.000000e+001 4.000000e+000 2.285875e-010 
-9.000000e+000 4.000000e+000 1.788215e-010 
-8.000000e+000 4.000000e+000 4.846842e-011 
-7.000000e+000 4.000000e+000 1.438809e-010 
-6.000000e+000 4.000000e+000 3.248174e-010 
-5.000000e+000 4.000000e+000 3.684389e-010 
-4.000000e+000 4.000000e+000 1.691108e-010 
-3.000000e+000 4.000000e+000 2.124545e-010 
-2.000000e+000 4.000000e+000 5.071372e-010 
-1.000000e+000 4.000000e+000 5.233237e-010 
0.000000e+000 4.000000e+000 4.034312e-010 
1.000000e+000 4.000000e+000 3.663200e-010 
2.000000e+000 4.000000e+000 4.341093e-010 
3.000000e+000 4.000000e+000 4.831917e-010 
4.000000e+000 4.000000e+000 4.077875e-010 
5.000000e+000 4.000000e+000 2.179872e-010 
6.000000e+000 4.000000e+000 4.716986e-013 
7.000000e+000 4.000000e+000 1.690627e-010 
8.000000e+000 4.000000e+000 2.536742e-010 
9.000000e+000 4.000000e+000 2.587449e-010 
1.000000e+001 4.000000e+000 2.080260e-010 
1.100000e+001 4.000000e+000 1.289016e-010 
1.200000e+001 4.000000e+000 4.402822e-011 
1.300000e+001 4.000000e+000 3.138307e-011 
1.400000e+001 4.000000e+000 8.917453e-011 
1.500000e+001 4.000000e+000 1.266067e-010 
1.600000e+001 4.000000e+000 1.445286e-010 
1.700000e+001 4.000000e+000 1.458199e-010 
1.800000e+001 4.000000e+000 1.342424e-010 
1.900000e+001 4.000000e+000 1.136794e-010 
2.000000e+001 4.000000e+000 8.768665e-011 
-2.000000e+001 5.000000e+000 1.133569e-010 
-1.900000e+001 5.000000e+000 1.287606e-010 
-1.800000e+001 5.000000e+000 1.344781e-010 
-1.700000e+001 5.000000e+000 1.271594e-010 
-1.600000e+001 5.000000e+000 1.039003e-010 
-1.500000e+001 5.000000e+000 6.303965e-011 
-1.400000e+001 5.000000e+000 5.271680e-012 
-1.300000e+001 5.000000e+000 6.498231e-011 
-1.200000e+001 5.000000e+000 1.381756e-010 
-1.100000e+001 5.000000e+000 1.987769e-010 
-1.000000e+001 5.000000e+000 2.260117e-010 
-9.000000e+000 5.000000e+000 1.978204e-010 
-8.000000e+000 5.000000e+000 9.977795e-011 
-7.000000e+000 5.000000e+000 6.076357e-011 
-6.000000e+000 5.000000e+000 2.401079e-010 
-5.000000e+000 5.000000e+000 3.574419e-010 
-4.000000e+000 5.000000e+000 3.286027e-010 
-3.000000e+000 5.000000e+000 1.351786e-010 
-2.000000e+000 5.000000e+000 1.321176e-010 
-1.000000e+000 5.000000e+000 3.403004e-010 
0.000000e+000 5.000000e+000 4.347789e-010 
1.000000e+000 5.000000e+000 4.454947e-010 
2.000000e+000 5.000000e+000 4.000584e-010 
3.000000e+000 5.000000e+000 2.963003e-010 
4.000000e+000 5.000000e+000 1.405381e-010 
5.000000e+000 5.000000e+000 3.137229e-011 
6.000000e+000 5.000000e+000 1.731923e-010 
7.000000e+000 5.000000e+000 2.544503e-010 
8.000000e+000 5.000000e+000 2.694212e-010 
9.000000e+000 5.000000e+000 2.310005e-010 
1.000000e+001 5.000000e+000 1.600945e-010 
1.100000e+001 5.000000e+000 7.727677e-011 
1.200000e+001 5.000000e+000 1.573714e-012 
1.300000e+001 5.000000e+000 6.646780e-011 
1.400000e+001 5.000000e+000 1.126972e-010 
1.500000e+001 5.000000e+000 1.395058e-010 
1.600000e+001 5.000000e+000 1.486857e-010 
1.700000e+001 5.000000e+000 1.433978e-010 
1.800000e+001 5.000000e+000 1.273067e-010 
1.900000e+001 5.000000e+000 1.040117e-010 
2.000000e+001 5.000000e+000 7.671719e-011 
-2.000000e+001 6.000000e+000 1.106108e-010 
-1.900000e+001 6.000000e+000 1.264001e-010 
-1.800000e+001 6.000000e+000 1.331743e-010 
-1.700000e+001 6.000000e+000 1.278044e-010 
-1.600000e+001 6.000000e+000 1.075536e-010 
-1.500000e+001 6.000000e+000 7.076691e-011 
-1.400000e+001 6.000000e+000 1.781010e-011 
-1.300000e+001 6.000000e+000 4.780056e-011 
-1.200000e+001 6.000000e+000 1.182801e-010 
-1.100000e+001 6.000000e+000 1.809085e-010 
-1.000000e+001 6.000000e+000 2.185799e-010 
-9.000000e+000 6.000000e+000 2.126270e-010 
-8.000000e+000 6.000000e+000 1.489039e-010 
-7.000000e+000 6.000000e+000 2.700689e-011 
-6.000000e+000 6.000000e+000 1.304247e-010 
-5.000000e+000 6.000000e+000 2.758616e-010 
-4.000000e+000 6.000000e+000 3.520820e-010 
-3.000000e+000 6.000000e+000 3.250539e-010 
-2.000000e+000 6.000000e+000 2.125970e-010 
-1.000000e+000 6.000000e+000 7.585030e-011 
0.000000e+000 6.000000e+000 2.442736e-011 
1.000000e+000 6.000000e+000 6.009758e-011 
2.000000e+000 6.000000e+000 3.244306e-011 
3.000000e+000 6.000000e+000 4.165284e-011 
4.000000e+000 6.000000e+000 1.358516e-010 
5.000000e+000 6.000000e+000 2.200986e-010 
6.000000e+000 6.000000e+000 2.703526e-010 
7.000000e+000 6.000000e+000 2.760118e-010 
8.000000e+000 6.000000e+000 2.403595e-010 
9.000000e+000 6.000000e+000 1.757374e-010 
1.000000e+001 6.000000e+000 9.751319e-011 
1.100000e+001 6.000000e+000 1.955421e-011 
1.200000e+001 6.000000e+000 4.806531e-011 
1.300000e+001 6.000000e+000 9.955372e-011 
1.400000e+001 6.000000e+000 1.328349e-010 
1.500000e+001 6.000000e+000 1.485551e-010 
1.600000e+001 6.000000e+000 1.490622e-010 
1.700000e+001 6.000000e+000 1.375498e-010 
1.800000e+001 6.000000e+000 1.174311e-010 
1.900000e+001 6.000000e+000 9.192853e-011 
2.000000e+001 6.000000e+000 6.384167e-011 
-2.000000e+001 7.000000e+000 1.069764e-010 
-1.900000e+001 7.000000e+000 1.233834e-010 
-1.800000e+001 7.000000e+000 1.315767e-010 
-1.700000e+001 7.000000e+000 1.286558e-010 
-1.600000e+001 7.000000e+000 1.120449e-010 
-1.500000e+001 7.000000e+000 8.007354e-011 
-1.400000e+001 7.000000e+000 3.274925e-011 
-1.300000e+001 7.000000e+000 2.733468e-011 
-1.200000e+001 7.000000e+000 9.412167e-011 
-1.100000e+001 7.000000e+000 1.575743e-010 
-1.000000e+001 7.000000e+000 2.040471e-010 
-9.000000e+000 7.000000e+000 2.182192e-010 
-8.000000e+000 7.000000e+000 1.871262e-010 
-7.000000e+000 7.000000e+000 1.060778e-010 
-6.000000e+000 7.000000e+000 1.538772e-011 
-5.000000e+000 7.000000e+000 1.514759e-010 
-4.000000e+000 7.000000e+000 2.666309e-010 
-3.000000e+000 7.000000e+000 3.311427e-010 
-2.000000e+000 7.000000e+000 3.376235e-010 
-1.000000e+000 7.000000e+000 3.047769e-010 
0.000000e+000 7.000000e+000 2.638377e-010 
1.000000e+000 7.000000e+000 2.395630e-010 
2.000000e+000 7.000000e+000 2.402873e-010 
3.000000e+000 7.000000e+000 2.591899e-010 
4.000000e+000 7.000000e+000 2.810205e-010 
5.000000e+000 7.000000e+000 2.898236e-010 
6.000000e+000 7.000000e+000 2.751181e-010 
7.000000e+000 7.000000e+000 2.346667e-010 
8.000000e+000 7.000000e+000 1.735751e-010 
9.000000e+000 7.000000e+000 1.011938e-010 
1.000000e+001 7.000000e+000 2.772780e-011 
1.100000e+001 7.000000e+000 3.822164e-011 
1.200000e+001 7.000000e+000 9.085390e-011 
1.300000e+001 7.000000e+000 1.273326e-010 
1.400000e+001 7.000000e+000 1.473286e-010 
1.500000e+001 7.000000e+000 1.523087e-010 
1.600000e+001 7.000000e+000 1.448152e-010 
1.700000e+001 7.000000e+000 1.278629e-010 
1.800000e+001 7.000000e+000 1.044956e-010 
1.900000e+001 7.000000e+000 7.749941e-011 
2.000000e+001 7.000000e+000 4.924306e-011 
-2.000000e+001 8.000000e+000 1.024304e-010 
-1.900000e+001 8.000000e+000 1.195970e-010 
-1.800000e+001 8.000000e+000 1.294404e-010 
-1.700000e+001 8.000000e+000 1.292937e-010 
-1.600000e+001 8.000000e+000 1.167430e-010 
-1.500000e+001 8.000000e+000 9.010552e-011 
-1.400000e+001 8.000000e+000 4.905229e-011 
-1.300000e+001 8.000000e+000 4.675998e-012 
-1.200000e+001 8.000000e+000 6.658953e-011 
-1.100000e+001 8.000000e+000 1.290467e-010 
-1.000000e+001 8.000000e+000 1.814866e-010 
-9.000000e+000 8.000000e+000 2.117158e-010 
-8.000000e+000 8.000000e+000 2.085388e-010 
-7.000000e+000 8.000000e+000 1.655503e-010 
-6.000000e+000 8.000000e+000 8.500332e-011 
-5.000000e+000 8.000000e+000 2.033986e-011 
-4.000000e+000 8.000000e+000 1.296701e-010 
-3.000000e+000 8.000000e+000 2.214023e-010 
-2.000000e+000 8.000000e+000 2.820775e-010 
-1.000000e+000 8.000000e+000 3.111449e-010 
0.000000e+000 8.000000e+000 3.181299e-010 
1.000000e+000 8.000000e+000 3.147423e-010 
2.000000e+000 8.000000e+000 3.079871e-010 
3.000000e+000 8.000000e+000 2.980871e-010 
4.000000e+000 8.000000e+000 2.807415e-010 
5.000000e+000 8.000000e+000 2.510893e-010 
6.000000e+000 8.000000e+000 2.069442e-010 
7.000000e+000 8.000000e+000 1.500634e-010 
8.000000e+000 8.000000e+000 8.550829e-011 
9.000000e+000 8.000000e+000 1.995089e-011 
1.000000e+001 8.000000e+000 4.011363e-011 
1.100000e+001 8.000000e+000 8.963663e-011 
1.200000e+001 8.000000e+000 1.255925e-010 
1.300000e+001 8.000000e+000 1.469757e-010 
1.400000e+001 8.000000e+000 1.544406e-010 
1.500000e+001 8.000000e+000 1.497957e-010 
1.600000e+001 8.000000e+000 1.354997e-010 
1.700000e+001 8.000000e+000 1.142397e-010 
1.800000e+001 8.000000e+000 8.862199e-011 
1.900000e+001 8.000000e+000 6.097342e-011 
2.000000e+001 8.000000e+000 3.323416e-011 
-2.000000e+001 9.000000e+000 9.694844e-011 
-1.900000e+001 9.000000e+000 1.149236e-010 
-1.800000e+001 9.000000e+000 1.265164e-010 
-1.700000e+001 9.000000e+000 1.292958e-010 
-1.600000e+001 9.000000e+000 1.210155e-010 
-1.500000e+001 9.000000e+000 1.000006e-010 
-1.400000e+001 9.000000e+000 6.564142e-011 
-1.300000e+001 9.000000e+000 1.895016e-011 
-1.200000e+001 9.000000e+000 3.691691e-011 
-1.100000e+001 9.000000e+000 9.634487e-011 
-1.000000e+001 9.000000e+000 1.513916e-010 
-9.000000e+000 9.000000e+000 1.926256e-010 
-8.000000e+000 9.000000e+000 2.108307e-010 
-7.000000e+000 9.000000e+000 1.994468e-010 
-6.000000e+000 9.000000e+000 1.571220e-010 
-5.000000e+000 9.000000e+000 8.925479e-011 
-4.000000e+000 9.000000e+000 7.323096e-012 
-3.000000e+000 9.000000e+000 7.438914e-011 
-2.000000e+000 9.000000e+000 1.434653e-010 
-1.000000e+000 9.000000e+000 1.929637e-010 
0.000000e+000 9.000000e+000 2.219641e-010 
1.000000e+000 9.000000e+000 2.332242e-010 
2.000000e+000 9.000000e+000 2.300421e-010 
3.000000e+000 9.000000e+000 2.144231e-010 
4.000000e+000 9.000000e+000 1.871509e-010 
5.000000e+000 9.000000e+000 1.489790e-010 
6.000000e+000 9.000000e+000 1.017876e-010 
7.000000e+000 9.000000e+000 4.898554e-011 
8.000000e+000 9.000000e+000 4.904783e-012 
9.000000e+000 9.000000e+000 5.511978e-011 
1.000000e+001 9.000000e+000 9.753996e-011 
1.100000e+001 9.000000e+000 1.292925e-010 
1.200000e+001 9.000000e+000 1.489796e-010 
1.300000e+001 9.000000e+000 1.565892e-010 
1.400000e+001 9.000000e+000 1.532085e-010 
1.500000e+001 9.000000e+000 1.406580e-010 
1.600000e+001 9.000000e+000 1.211371e-010 
1.700000e+001 9.000000e+000 9.692805e-011 
1.800000e+001 9.000000e+000 7.018071e-011 
1.900000e+001 9.000000e+000 4.277444e-011 
2.000000e+001 9.000000e+000 1.624723e-011 
-2.000000e+001 1.000000e+001 9.051847e-011 
-1.900000e+001 1.000000e+001 1.092639e-010 
-1.800000e+001 1.000000e+001 1.225819e-010 
-1.700000e+001 1.000000e+001 1.282769e-010 
-1.600000e+001 1.000000e+001 1.242780e-010 
-1.500000e+001 1.000000e+001 1.089469e-010 
-1.400000e+001 1.000000e+001 8.146512e-011 
-1.300000e+001 1.000000e+001 4.226374e-011 
-1.200000e+001 1.000000e+001 6.577150e-012 
-1.100000e+001 1.000000e+001 6.108060e-011 
-1.000000e+001 1.000000e+001 1.154349e-010 
-9.000000e+000 1.000000e+001 1.625286e-010 
-8.000000e+000 1.000000e+001 1.950494e-010 
-7.000000e+000 1.000000e+001 2.070635e-010 
-6.000000e+000 1.000000e+001 1.957169e-010 
-5.000000e+000 1.000000e+001 1.624438e-010 
-4.000000e+000 1.000000e+001 1.130245e-010 
-3.000000e+000 1.000000e+001 5.619779e-011 
-2.000000e+000 1.000000e+001 1.252196e-012 
-1.000000e+000 1.000000e+001 4.434355e-011 
0.000000e+000 1.000000e+001 7.621305e-011 
1.000000e+000 1.000000e+001 9.292685e-011 
2.000000e+000 1.000000e+001 9.500018e-011 
3.000000e+000 1.000000e+001 8.390752e-011 
4.000000e+000 1.000000e+001 6.162089e-011 
5.000000e+000 1.000000e+001 3.060929e-011 
6.000000e+000 1.000000e+001 6.061019e-012 
7.000000e+000 1.000000e+001 4.482113e-011 
8.000000e+000 1.000000e+001 8.195097e-011 
9.000000e+000 1.000000e+001 1.140621e-010 
1.000000e+001 1.000000e+001 1.385327e-010 
1.100000e+001 1.000000e+001 1.537704e-010 
1.200000e+001 1.000000e+001 1.592650e-010 
1.300000e+001 1.000000e+001 1.554669e-010 
1.400000e+001 1.000000e+001 1.435591e-010 
1.500000e+001 1.000000e+001 1.251892e-010 
1.600000e+001 1.000000e+001 1.022168e-010 
1.700000e+001 1.000000e+001 7.650467e-011 
1.800000e+001 1.000000e+001 4.976743e-011 
1.900000e+001 1.000000e+001 2.347585e-011 
2.000000e+001 1.000000e+001 1.190339e-012 
-2.000000e+001 1.100000e+001 8.315166e-011 
-1.900000e+001 1.100000e+001 1.025521e-010 
-1.800000e+001 1.100000e+001 1.174630e-010 
-1.700000e+001 1.100000e+001 1.259204e-010 
-1.600000e+001 1.100000e+001 1.260350e-010 
-1.500000e+001 1.100000e+001 1.162353e-010 
-1.400000e+001 1.100000e+001 9.556877e-011 
-1.300000e+001 1.100000e+001 6.403193e-011 
-1.200000e+001 1.100000e+001 2.287662e-011 
-1.100000e+001 1.100000e+001 2.519286e-011 
-1.000000e+001 1.100000e+001 7.603633e-011 
-9.000000e+000 1.100000e+001 1.244109e-010 
-8.000000e+000 1.100000e+001 1.646757e-010 
-7.000000e+000 1.100000e+001 1.918155e-010 
-6.000000e+000 1.100000e+001 2.025797e-010 
-5.000000e+000 1.100000e+001 1.963896e-010 
-4.000000e+000 1.100000e+001 1.756402e-010 
-3.000000e+000 1.100000e+001 1.451840e-010 
-2.000000e+000 1.100000e+001 1.111196e-010 
-1.000000e+000 1.100000e+001 7.933995e-011 
0.000000e+000 1.100000e+001 5.438813e-011 
1.000000e+000 1.100000e+001 3.894463e-011 
2.000000e+000 1.100000e+001 3.389836e-011 
3.000000e+000 1.100000e+001 3.871303e-011 
4.000000e+000 1.100000e+001 5.181665e-011 
5.000000e+000 1.100000e+001 7.091067e-011 
6.000000e+000 1.100000e+001 9.323644e-011 
7.000000e+000 1.100000e+001 1.158638e-010 
8.000000e+000 1.100000e+001 1.360138e-010 
9.000000e+000 1.100000e+001 1.513681e-010 
1.000000e+001 1.100000e+001 1.602998e-010 
1.100000e+001 1.100000e+001 1.619836e-010 
1.200000e+001 1.100000e+001 1.563770e-010 
1.300000e+001 1.100000e+001 1.441022e-010 
1.400000e+001 1.100000e+001 1.262682e-010 
1.500000e+001 1.100000e+001 1.042753e-010 
1.600000e+001 1.100000e+001 7.963400e-011 
1.700000e+001 1.100000e+001 5.381691e-011 
1.800000e+001 1.100000e+001 2.815232e-011 
1.900000e+001 1.100000e+001 3.757812e-012 
2.000000e+001 1.100000e+001 1.849109e-011 
-2.000000e+001 1.200000e+001 7.488981e-011 
-1.900000e+001 1.200000e+001 9.476821e-011 
-1.800000e+001 1.200000e+001 1.110516e-010 
-1.700000e+001 1.200000e+001 1.220001e-010 
-1.600000e+001 1.200000e+001 1.259096e-010 
-1.500000e+001 1.200000e+001 1.213017e-010 
-1.400000e+001 1.200000e+001 1.071571e-010 
-1.300000e+001 1.200000e+001 8.316930e-011 
-1.200000e+001 1.200000e+001 4.998044e-011 
-1.100000e+001 1.200000e+001 9.339520e-012 
-1.000000e+001 1.200000e+001 3.588535e-011 
-9.000000e+000 1.200000e+001 8.190748e-011 
-8.000000e+000 1.200000e+001 1.244689e-010 
-7.000000e+000 1.200000e+001 1.595036e-010 
-6.000000e+000 1.200000e+001 1.838991e-010 
-5.000000e+000 1.200000e+001 1.961579e-010 
-4.000000e+000 1.200000e+001 1.967384e-010 
-3.000000e+000 1.200000e+001 1.879283e-010 
-2.000000e+000 1.200000e+001 1.732653e-010 
-1.000000e+000 1.200000e+001 1.566940e-010 
0.000000e+000 1.200000e+001 1.417434e-010 
1.000000e+000 1.200000e+001 1.309533e-010 
2.000000e+000 1.200000e+001 1.256375e-010 
3.000000e+000 1.200000e+001 1.259260e-010 
4.000000e+000 1.200000e+001 1.309738e-010 
5.000000e+000 1.200000e+001 1.392405e-010 
6.000000e+000 1.200000e+001 1.487917e-010 
7.000000e+000 1.200000e+001 1.575974e-010 
8.000000e+000 1.200000e+001 1.638042e-010 
9.000000e+000 1.200000e+001 1.659545e-010 
1.000000e+001 1.200000e+001 1.631252e-010 
1.100000e+001 1.200000e+001 1.549763e-010 
1.200000e+001 1.200000e+001 1.417148e-010 
1.300000e+001 1.200000e+001 1.239969e-010 
1.400000e+001 1.200000e+001 1.027952e-010 
1.500000e+001 1.200000e+001 7.925760e-011 
1.600000e+001 1.200000e+001 5.457851e-011 
1.700000e+001 1.200000e+001 2.989485e-011 
1.800000e+001 1.200000e+001 6.211122e-012 
1.900000e+001 1.200000e+001 1.564617e-011 
2.000000e+001 1.200000e+001 3.504884e-011 
-2.000000e+001 1.300000e+001 6.580887e-011 
-1.900000e+001 1.300000e+001 8.594316e-011 
-1.800000e+001 1.300000e+001 1.033132e-010 
-1.700000e+001 1.300000e+001 1.163926e-010 
-1.600000e+001 1.300000e+001 1.236613e-010 
-1.500000e+001 1.300000e+001 1.237536e-010 
-1.400000e+001 1.300000e+001 1.156389e-010 
-1.300000e+001 1.300000e+001 9.881702e-011 
-1.200000e+001 1.300000e+001 7.350022e-011 
-1.100000e+001 1.300000e+001 4.074250e-011 
-1.000000e+001 1.300000e+001 2.468183e-012 
-9.000000e+000 1.300000e+001 3.864237e-011 
-8.000000e+000 1.300000e+001 7.943246e-011 
-7.000000e+000 1.300000e+001 1.166971e-010 
-6.000000e+000 1.300000e+001 1.476908e-010 
-5.000000e+000 1.300000e+001 1.705995e-010 
-4.000000e+000 1.300000e+001 1.848456e-010 
-3.000000e+000 1.300000e+001 1.911256e-010 
-2.000000e+000 1.300000e+001 1.911604e-010 
-1.000000e+000 1.300000e+001 1.872357e-010 
0.000000e+000 1.300000e+001 1.816741e-010 
1.000000e+000 1.300000e+001 1.763854e-010 
2.000000e+000 1.300000e+001 1.725875e-010 
3.000000e+000 1.300000e+001 1.707198e-010 
4.000000e+000 1.300000e+001 1.705147e-010 
5.000000e+000 1.300000e+001 1.711708e-010 
6.000000e+000 1.300000e+001 1.715768e-010 
7.000000e+000 1.300000e+001 1.705422e-010 
8.000000e+000 1.300000e+001 1.670015e-010 
9.000000e+000 1.300000e+001 1.601696e-010 
1.000000e+001 1.300000e+001 1.496323e-010 
1.100000e+001 1.300000e+001 1.353710e-010 
1.200000e+001 1.300000e+001 1.177302e-010 
1.300000e+001 1.300000e+001 9.734435e-011 
1.400000e+001 1.300000e+001 7.504285e-011 
1.500000e+001 1.300000e+001 5.175056e-011 
1.600000e+001 1.300000e+001 2.839800e-011 
1.700000e+001 1.300000e+001 5.848882e-012 
1.800000e+001 1.300000e+001 1.515138e-011 
1.900000e+001 1.300000e+001 3.400638e-011 
2.000000e+001 1.300000e+001 5.028118e-011 
-2.000000e+001 1.400000e+001 5.601878e-011 
-1.900000e+001 1.400000e+001 7.615943e-011 
-1.800000e+001 1.400000e+001 9.428828e-011 
-1.700000e+001 1.400000e+001 1.090789e-010 
-1.600000e+001 1.400000e+001 1.191899e-010 
-1.500000e+001 1.400000e+001 1.233805e-010 
-1.400000e+001 1.400000e+001 1.206504e-010 
-1.300000e+001 1.400000e+001 1.103903e-010 
-1.200000e+001 1.400000e+001 9.252395e-011 
-1.100000e+001 1.400000e+001 6.761424e-011 
-1.000000e+001 1.400000e+001 3.690001e-011 
-9.000000e+000 1.400000e+001 2.236899e-012 
-8.000000e+000 1.400000e+001 3.407391e-011 
-7.000000e+000 1.400000e+001 6.955990e-011 
-6.000000e+000 1.400000e+001 1.019145e-010 
-5.000000e+000 1.400000e+001 1.293299e-010 
-4.000000e+000 1.400000e+001 1.507448e-010 
-3.000000e+000 1.400000e+001 1.659418e-010 
-2.000000e+000 1.400000e+001 1.754676e-010 
-1.000000e+000 1.400000e+001 1.804028e-010 
0.000000e+000 1.400000e+001 1.820523e-010 
1.000000e+000 1.400000e+001 1.816412e-010 
2.000000e+000 1.400000e+001 1.800872e-010 
3.000000e+000 1.400000e+001 1.778848e-010 
4.000000e+000 1.400000e+001 1.751019e-010 
5.000000e+000 1.400000e+001 1.714616e-010 
6.000000e+000 1.400000e+001 1.664766e-010 
7.000000e+000 1.400000e+001 1.595988e-010 
8.000000e+000 1.400000e+001 1.503555e-010 
9.000000e+000 1.400000e+001 1.384523e-010 
1.000000e+001 1.400000e+001 1.238316e-010 
1.100000e+001 1.400000e+001 1.066862e-010 
1.200000e+001 1.400000e+001 8.743517e-011 
1.300000e+001 1.400000e+001 6.667140e-011 
1.400000e+001 1.400000e+001 4.509644e-011 
1.500000e+001 1.400000e+001 2.345220e-011 
1.600000e+001 1.400000e+001 2.459416e-012 
1.700000e+001 1.400000e+001 1.723151e-011 
1.800000e+001 1.400000e+001 3.507506e-011 
1.900000e+001 1.400000e+001 5.065038e-011 
2.000000e+001 1.400000e+001 6.366814e-011 
-2.000000e+001 1.500000e+001 4.566003e-011 
-1.900000e+001 1.500000e+001 6.554680e-011 
-1.800000e+001 1.500000e+001 8.408712e-011 
-1.700000e+001 1.500000e+001 1.001385e-010 
-1.600000e+001 1.500000e+001 1.125293e-010 
-1.500000e+001 1.500000e+001 1.201487e-010 
-1.400000e+001 1.500000e+001 1.220550e-010 
-1.300000e+001 1.500000e+001 1.175920e-010 
-1.200000e+001 1.500000e+001 1.065013e-010 
-1.100000e+001 1.500000e+001 8.900846e-011 
-1.000000e+001 1.500000e+001 6.586367e-011 
-9.000000e+000 1.500000e+001 3.831646e-011 
-8.000000e+000 1.500000e+001 8.014095e-012 
-7.000000e+000 1.500000e+001 2.317228e-011 
-6.000000e+000 1.500000e+001 5.337088e-011 
-5.000000e+000 1.500000e+001 8.094166e-011 
-4.000000e+000 1.500000e+001 1.046690e-010 
-3.000000e+000 1.500000e+001 1.238714e-010 
-2.000000e+000 1.500000e+001 1.384041e-010 
-1.000000e+000 1.500000e+001 1.485619e-010 
0.000000e+000 1.500000e+001 1.549137e-010 
1.000000e+000 1.500000e+001 1.581170e-010 
2.000000e+000 1.500000e+001 1.587589e-010 
3.000000e+000 1.500000e+001 1.572545e-010 
4.000000e+000 1.500000e+001 1.538117e-010 
5.000000e+000 1.500000e+001 1.484568e-010 
6.000000e+000 1.500000e+001 1.410997e-010 
7.000000e+000 1.500000e+001 1.316173e-010 
8.000000e+000 1.500000e+001 1.199332e-010 
9.000000e+000 1.500000e+001 1.060787e-010 
1.000000e+001 1.500000e+001 9.022706e-011 
1.100000e+001 1.500000e+001 7.269937e-011 
1.200000e+001 1.500000e+001 5.394615e-011 
1.300000e+001 1.500000e+001 3.451158e-011 
1.400000e+001 1.500000e+001 1.498891e-011 
1.500000e+001 1.500000e+001 4.025400e-012 
1.600000e+001 1.500000e+001 2.197274e-011 
1.700000e+001 1.500000e+001 3.836498e-011 
1.800000e+001 1.500000e+001 5.280671e-011 
1.900000e+001 1.500000e+001 6.500728e-011 
2.000000e+001 1.500000e+001 7.478354e-011 
-2.000000e+001 1.600000e+001 3.489784e-011 
-1.900000e+001 1.600000e+001 5.427471e-011 
-1.800000e+001 1.600000e+001 7.287941e-011 
-1.700000e+001 1.600000e+001 8.973618e-011 
-1.600000e+001 1.600000e+001 1.038313e-010 
-1.500000e+001 1.600000e+001 1.141828e-010 
-1.400000e+001 1.600000e+001 1.199247e-010 
-1.300000e+001 1.600000e+001 1.203976e-010 
-1.200000e+001 1.600000e+001 1.152371e-010 
-1.100000e+001 1.600000e+001 1.044449e-010 
-1.000000e+001 1.600000e+001 8.842858e-011 
-9.000000e+000 1.600000e+001 6.799731e-011 
-8.000000e+000 1.600000e+001 4.430392e-011 
-7.000000e+000 1.600000e+001 1.873638e-011 
-6.000000e+000 1.600000e+001 7.229225e-012 
-5.000000e+000 1.600000e+001 3.219014e-011 
-4.000000e+000 1.600000e+001 5.496275e-011 
-3.000000e+000 1.600000e+001 7.468446e-011 
-2.000000e+000 1.600000e+001 9.085306e-011 
-1.000000e+000 1.600000e+001 1.033013e-010 
0.000000e+000 1.600000e+001 1.121208e-010 
1.000000e+000 1.600000e+001 1.175598e-010 
2.000000e+000 1.600000e+001 1.199235e-010 
3.000000e+000 1.600000e+001 1.194979e-010 
4.000000e+000 1.600000e+001 1.165100e-010 
5.000000e+000 1.600000e+001 1.111232e-010 
6.000000e+000 1.600000e+001 1.034602e-010 
7.000000e+000 1.600000e+001 9.363994e-011 
8.000000e+000 1.600000e+001 8.181743e-011 
9.000000e+000 1.600000e+001 6.821348e-011 
1.000000e+001 1.600000e+001 5.313063e-011 
1.100000e+001 1.600000e+001 3.695255e-011 
1.200000e+001 1.600000e+001 2.012897e-011 
1.300000e+001 1.600000e+001 3.150525e-012 
1.400000e+001 1.600000e+001 1.348155e-011 
1.500000e+001 1.600000e+001 2.928604e-011 
1.600000e+001 1.600000e+001 4.382872e-011 
1.700000e+001 1.600000e+001 5.674338e-011 
1.800000e+001 1.600000e+001 6.774559e-011 
1.900000e+001 1.600000e+001 7.663920e-011 
2.000000e+001 1.600000e+001 8.331639e-011 
-2.000000e+001 1.700000e+001 2.391469e-011 
-1.900000e+001 1.700000e+001 4.254226e-011 
-1.800000e+001 1.700000e+001 6.088121e-011 
-1.700000e+001 1.700000e+001 7.810480e-011 
-1.600000e+001 1.700000e+001 9.334329e-011 
-1.500000e+001 1.700000e+001 1.057383e-010 
-1.400000e+001 1.700000e+001 1.145080e-010 
-1.300000e+001 1.700000e+001 1.190180e-010 
-1.200000e+001 1.700000e+001 1.188512e-010 
-1.100000e+001 1.700000e+001 1.138666e-010 
-1.000000e+001 1.700000e+001 1.042363e-010 
-9.000000e+000 1.700000e+001 9.045229e-011 
-8.000000e+000 1.700000e+001 7.329686e-011 
-7.000000e+000 1.700000e+001 5.377558e-011 
-6.000000e+000 1.700000e+001 3.302130e-011 
-5.000000e+000 1.700000e+001 1.218255e-011 
-4.000000e+000 1.700000e+001 7.684993e-012 
-3.000000e+000 1.700000e+001 2.570534e-011 
-2.000000e+000 1.700000e+001 4.123367e-011 
-1.000000e+000 1.700000e+001 5.386731e-011 
0.000000e+000 1.700000e+001 6.342085e-011 
1.000000e+000 1.700000e+001 6.987763e-011 
2.000000e+000 1.700000e+001 7.333331e-011 
3.000000e+000 1.700000e+001 7.394568e-011 
4.000000e+000 1.700000e+001 7.190003e-011 
5.000000e+000 1.700000e+001 6.739312e-011 
6.000000e+000 1.700000e+001 6.063314e-011 
7.000000e+000 1.700000e+001 5.184977e-011 
8.000000e+000 1.700000e+001 4.130707e-011 
9.000000e+000 1.700000e+001 2.931326e-011 
1.000000e+001 1.700000e+001 1.622348e-011 
1.100000e+001 1.700000e+001 2.433975e-012 
1.200000e+001 1.700000e+001 1.163125e-011 
1.300000e+001 1.700000e+001 2.553920e-011 
1.400000e+001 1.700000e+001 3.886895e-011 
1.500000e+001 1.700000e+001 5.123228e-011 
1.600000e+001 1.700000e+001 6.229124e-011 
1.700000e+001 1.700000e+001 7.177143e-011 
1.800000e+001 1.700000e+001 7.947001e-011 
1.900000e+001 1.700000e+001 8.525862e-011 
2.000000e+001 1.700000e+001 8.908166e-011 
-2.000000e+001 1.800000e+001 1.290205e-011 
-1.900000e+001 1.800000e+001 3.056711e-011 
-1.800000e+001 1.800000e+001 4.834002e-011 
-1.700000e+001 1.800000e+001 6.552554e-011 
-1.600000e+001 1.800000e+001 8.138326e-011 
-1.500000e+001 1.800000e+001 9.516980e-011 
-1.400000e+001 1.800000e+001 1.061895e-010 
-1.300000e+001 1.800000e+001 1.138501e-010 
-1.200000e+001 1.800000e+001 1.177179e-010 
-1.100000e+001 1.800000e+001 1.175659e-010 
-1.000000e+001 1.800000e+001 1.134078e-010 
-9.000000e+000 1.800000e+001 1.055100e-010 
-8.000000e+000 1.800000e+001 9.437900e-011 
-7.000000e+000 1.800000e+001 8.072153e-011 
-6.000000e+000 1.800000e+001 6.538234e-011 
-5.000000e+000 1.800000e+001 4.926748e-011 
-4.000000e+000 1.800000e+001 3.326454e-011 
-3.000000e+000 1.800000e+001 1.817227e-011 
-2.000000e+000 1.800000e+001 4.649111e-012 
-1.000000e+000 1.800000e+001 6.813499e-012 
0.000000e+000 1.800000e+001 1.589369e-011 
1.000000e+000 1.800000e+001 2.242257e-011 
2.000000e+000 1.800000e+001 2.635685e-011 
3.000000e+000 1.800000e+001 2.774900e-011 
4.000000e+000 1.800000e+001 2.672183e-011 
5.000000e+000 1.800000e+001 2.345053e-011 
6.000000e+000 1.800000e+001 1.815276e-011 
7.000000e+000 1.800000e+001 1.108438e-011 
8.000000e+000 1.800000e+001 2.537613e-012 
9.000000e+000 1.800000e+001 7.161435e-012 
1.000000e+001 1.800000e+001 1.765819e-011 
1.100000e+001 1.800000e+001 2.857881e-011 
1.200000e+001 1.800000e+001 3.954277e-011 
1.300000e+001 1.800000e+001 5.017772e-011 
1.400000e+001 1.800000e+001 6.013479e-011 
1.500000e+001 1.800000e+001 6.910280e-011 
1.600000e+001 1.800000e+001 7.681986e-011 
1.700000e+001 1.800000e+001 8.308163e-011 
1.800000e+001 1.800000e+001 8.774566e-011 
1.900000e+001 1.800000e+001 9.073206e-011 
2.000000e+001 1.800000e+001 9.202091e-011 
-2.000000e+001 1.900000e+001 2.052199e-012 
-1.900000e+001 1.900000e+001 1.857431e-011 
-1.800000e+001 1.900000e+001 3.551982e-011 
-1.700000e+001 1.900000e+001 5.230819e-011 
-1.600000e+001 1.900000e+001 6.831350e-011 
-1.500000e+001 1.900000e+001 8.289721e-011 
-1.400000e+001 1.900000e+001 9.544758e-011 
-1.300000e+001 1.900000e+001 1.054233e-010 
-1.200000e+001 1.900000e+001 1.123973e-010 
-1.100000e+001 1.900000e+001 1.160962e-010 
-1.000000e+001 1.900000e+001 1.164301e-010 
-9.000000e+000 1.900000e+001 1.135070e-010 
-8.000000e+000 1.900000e+001 1.076303e-010 
-7.000000e+000 1.900000e+001 9.927592e-011 
-6.000000e+000 1.900000e+001 8.905290e-011 
-5.000000e+000 1.900000e+001 7.765085e-011 
-4.000000e+000 1.900000e+001 6.578219e-011 
-3.000000e+000 1.900000e+001 5.412685e-011 
-2.000000e+000 1.900000e+001 4.328650e-011 
-1.000000e+000 1.900000e+001 3.375323e-011 
0.000000e+000 1.900000e+001 2.589415e-011 
1.000000e+000 1.900000e+001 1.995033e-011 
2.000000e+000 1.900000e+001 1.604625e-011 
3.000000e+000 1.900000e+001 1.420500e-011 
4.000000e+000 1.900000e+001 1.436495e-011 
5.000000e+000 1.900000e+001 1.639496e-011 
6.000000e+000 1.900000e+001 2.010703e-011 
7.000000e+000 1.900000e+001 2.526645e-011 
8.000000e+000 1.900000e+001 3.160065e-011 
9.000000e+000 1.900000e+001 3.880793e-011 
1.000000e+001 1.900000e+001 4.656711e-011 
1.100000e+001 1.900000e+001 5.454841e-011 
1.200000e+001 1.900000e+001 6.242547e-011 
1.300000e+001 1.900000e+001 6.988759e-011 
1.400000e+001 1.900000e+001 7.665144e-011 
1.500000e+001 1.900000e+001 8.247128e-011 
1.600000e+001 1.900000e+001 8.714676e-011 
1.700000e+001 1.900000e+001 9.052809e-011 
1.800000e+001 1.900000e+001 9.251820e-011 
1.900000e+001 1.900000e+001 9.307216e-011 
2.000000e+001 1.900000e+001 9.219418e-011 
-2.000000e+001 2.000000e+001 8.449476e-012 
-1.900000e+001 2.000000e+001 6.785916e-012 
-1.800000e+001 2.000000e+001 2.268705e-011 
-1.700000e+001 2.000000e+001 3.877248e-011 
-1.600000e+001 2.000000e+001 5.451648e-011 
-1.500000e+001 2.000000e+001 6.937440e-011 
-1.400000e+001 2.000000e+001 8.281338e-011 
-1.300000e+001 2.000000e+001 9.434654e-011 
-1.200000e+001 2.000000e+001 1.035678e-010 
-1.100000e+001 2.000000e+001 1.101842e-010 
-1.000000e+001 2.000000e+001 1.140408e-010 
-9.000000e+000 2.000000e+001 1.151370e-010 
-8.000000e+000 2.000000e+001 1.136282e-010 
-7.000000e+000 2.000000e+001 1.098145e-010 
-6.000000e+000 2.000000e+001 1.041164e-010 
-5.000000e+000 2.000000e+001 9.703871e-011 
-4.000000e+000 2.000000e+001 8.912992e-011 
-3.000000e+000 2.000000e+001 8.093937e-011 
-2.000000e+000 2.000000e+001 7.297925e-011 
-1.000000e+000 2.000000e+001 6.569446e-011 
0.000000e+000 2.000000e+001 5.944261e-011 
1.000000e+000 2.000000e+001 5.448434e-011 
2.000000e+000 2.000000e+001 5.098250e-011 
3.000000e+000 2.000000e+001 4.900776e-011 
4.000000e+000 2.000000e+001 4.854813e-011 
5.000000e+000 2.000000e+001 4.952018e-011 
6.000000e+000 2.000000e+001 5.178063e-011 
7.000000e+000 2.000000e+001 5.513774e-011 
8.000000e+000 2.000000e+001 5.936237e-011 
9.000000e+000 2.000000e+001 6.419899e-011 
1.000000e+001 2.000000e+001 6.937678e-011 
1.100000e+001 2.000000e+001 7.462084e-011 
1.200000e+001 2.000000e+001 7.966325e-011 
1.300000e+001 2.000000e+001 8.425353e-011 
1.400000e+001 2.000000e+001 8.816793e-011 
1.500000e+001 2.000000e+001 9.121703e-011 
1.600000e+001 2.000000e+001 9.325132e-011 
1.700000e+001 2.000000e+001 9.416441e-011 
1.800000e+001 2.000000e+001 9.389402e-011 
1.900000e+001 2.000000e+001 9.242080e-011 
2.000000e+001 2.000000e+001 8.976533e-011 
