-2.000000e+001 -2.000000e+001 8.937037e-011 
-1.900000e+001 -2.000000e+001 9.239800e-011 
-1.800000e+001 -2.000000e+001 9.301980e-011 
-1.700000e+001 -2.000000e+001 9.126681e-011 
-1.600000e+001 -2.000000e+001 8.733555e-011 
-1.500000e+001 -2.000000e+001 8.156813e-011 
-1.400000e+001 -2.000000e+001 7.441704e-011 
-1.300000e+001 -2.000000e+001 6.639872e-011 
-1.200000e+001 -2.000000e+001 5.804196e-011 
-1.100000e+001 -2.000000e+001 4.983849e-011 
-1.000000e+001 -2.000000e+001 4.220250e-011 
-9.000000e+000 -2.000000e+001 3.544483e-011 
-8.000000e+000 -2.000000e+001 2.976490e-011 
-7.000000e+000 -2.000000e+001 2.526057e-011 
-6.000000e+000 -2.000000e+001 2.195326e-011 
-5.000000e+000 -2.000000e+001 1.982345e-011 
-4.000000e+000 -2.000000e+001 1.885002e-011 
-3.000000e+000 -2.000000e+001 1.904633e-011 
-2.000000e+000 -2.000000e+001 2.048582e-011 
-1.000000e+000 -2.000000e+001 2.330970e-011 
0.000000e+000 -2.000000e+001 2.771073e-011 
1.000000e+000 -2.000000e+001 3.388855e-011 
2.000000e+000 -2.000000e+001 4.197724e-011 
3.000000e+000 -2.000000e+001 5.195252e-011 
4.000000e+000 -2.000000e+001 6.353603e-011 
5.000000e+000 -2.000000e+001 7.612227e-011 
6.000000e+000 -2.000000e+001 8.875837e-011 
7.000000e+000 -2.000000e+001 1.002009e-010 
8.000000e+000 -2.000000e+001 1.090588e-010 
9.000000e+000 -2.000000e+001 1.140074e-010 
1.000000e+001 -2.000000e+001 1.140346e-010 
1.100000e+001 -2.000000e+001 1.086648e-010 
1.200000e+001 -2.000000e+001 9.810286e-011 
1.300000e+001 -2.000000e+001 8.326096e-011 
1.400000e+001 -2.000000e+001 6.565361e-011 
1.500000e+001 -2.000000e+001 4.718178e-011 
1.600000e+001 -2.000000e+001 2.985008e-011 
1.700000e+001 -2.000000e+001 1.547384e-011 
1.800000e+001 -2.000000e+001 5.430938e-012 
1.900000e+001 -2.000000e+001 4.981990e-013 
2.000000e+001 -2.000000e+001 7.917470e-013 
-2.000000e+001 -1.900000e+001 9.194538e-011 
-1.900000e+001 -1.900000e+001 9.127213e-011 
-1.800000e+001 -1.900000e+001 8.784742e-011 
-1.700000e+001 -1.900000e+001 8.193173e-011 
-1.600000e+001 -1.900000e+001 7.397298e-011 
-1.500000e+001 -1.900000e+001 6.456267e-011 
-1.400000e+001 -1.900000e+001 5.437441e-011 
-1.300000e+001 -1.900000e+001 4.409235e-011 
-1.200000e+001 -1.900000e+001 3.433944e-011 
-1.100000e+001 -1.900000e+001 2.561592e-011 
-1.000000e+001 -1.900000e+001 1.825698e-011 
-9.000000e+000 -1.900000e+001 1.241565e-011 
-8.000000e+000 -1.900000e+001 8.072351e-012 
-7.000000e+000 -1.900000e+001 5.068609e-012 
-6.000000e+000 -1.900000e+001 3.158587e-012 
-5.000000e+000 -1.900000e+001 2.070660e-012 
-4.000000e+000 -1.900000e+001 1.570969e-012 
-3.000000e+000 -1.900000e+001 1.521849e-012 
-2.000000e+000 -1.900000e+001 1.928796e-012 
-1.000000e+000 -1.900000e+001 2.969304e-012 
0.000000e+000 -1.900000e+001 4.995332e-012 
1.000000e+000 -1.900000e+001 8.499596e-012 
2.000000e+000 -1.900000e+001 1.403683e-011 
3.000000e+000 -1.900000e+001 2.209770e-011 
4.000000e+000 -1.900000e+001 3.294658e-011 
5.000000e+000 -1.900000e+001 4.645268e-011 
6.000000e+000 -1.900000e+001 6.196088e-011 
7.000000e+000 -1.900000e+001 7.825410e-011 
8.000000e+000 -1.900000e+001 9.364655e-011 
9.000000e+000 -1.900000e+001 1.062150e-010 
1.000000e+001 -1.900000e+001 1.141329e-010 
1.100000e+001 -1.900000e+001 1.160354e-010 
1.200000e+001 -1.900000e+001 1.113240e-010 
1.300000e+001 -1.900000e+001 1.003329e-010 
1.400000e+001 -1.900000e+001 8.431227e-011 
1.500000e+001 -1.900000e+001 6.523238e-011 
1.600000e+001 -1.900000e+001 4.545606e-011 
1.700000e+001 -1.900000e+001 2.735486e-011 
1.800000e+001 -1.900000e+001 1.294880e-011 
1.900000e+001 -1.900000e+001 3.635364e-012 
2.000000e+001 -1.900000e+001 4.557952e-014 
-2.000000e+001 -1.800000e+001 8.934538e-011 
-1.900000e+001 -1.800000e+001 8.448818e-011 
-1.800000e+001 -1.800000e+001 7.685412e-011 
-1.700000e+001 -1.800000e+001 6.701435e-011 
-1.600000e+001 -1.800000e+001 5.572981e-011 
-1.500000e+001 -1.800000e+001 4.387354e-011 
-1.400000e+001 -1.800000e+001 3.233530e-011 
-1.300000e+001 -1.800000e+001 2.192132e-011 
-1.200000e+001 -1.800000e+001 1.326402e-011 
-1.100000e+001 -1.800000e+001 6.755854e-012 
-1.000000e+001 -1.800000e+001 2.517528e-012 
-9.000000e+000 -1.800000e+001 4.046477e-013 
-8.000000e+000 -1.800000e+001 4.976597e-014 
-7.000000e+000 -1.800000e+001 9.305992e-013 
-6.000000e+000 -1.800000e+001 2.451892e-012 
-5.000000e+000 -1.800000e+001 4.028796e-012 
-4.000000e+000 -1.800000e+001 5.163286e-012 
-3.000000e+000 -1.800000e+001 5.510241e-012 
-2.000000e+000 -1.800000e+001 4.933770e-012 
-1.000000e+000 -1.800000e+001 3.554448e-012 
0.000000e+000 -1.800000e+001 1.783173e-012 
1.000000e+000 -1.800000e+001 3.282529e-013 
2.000000e+000 -1.800000e+001 1.534504e-013 
3.000000e+000 -1.800000e+001 2.362850e-012 
4.000000e+000 -1.800000e+001 8.000460e-012 
5.000000e+000 -1.800000e+001 1.778084e-011 
6.000000e+000 -1.800000e+001 3.180496e-011 
7.000000e+000 -1.800000e+001 4.934670e-011 
8.000000e+000 -1.800000e+001 6.880075e-011 
9.000000e+000 -1.800000e+001 8.785018e-011 
1.000000e+001 -1.800000e+001 1.038479e-010 
1.100000e+001 -1.800000e+001 1.143333e-010 
1.200000e+001 -1.800000e+001 1.175543e-010 
1.300000e+001 -1.800000e+001 1.128553e-010 
1.400000e+001 -1.800000e+001 1.008318e-010 
1.500000e+001 -1.800000e+001 8.321813e-011 
1.600000e+001 -1.800000e+001 6.254879e-011 
1.700000e+001 -1.800000e+001 4.168579e-011 
1.800000e+001 -1.800000e+001 2.332601e-011 
1.900000e+001 -1.800000e+001 9.589563e-012 
2.000000e+001 -1.800000e+001 1.756513e-012 
-2.000000e+001 -1.700000e+001 8.167989e-011 
-1.900000e+001 -1.700000e+001 7.267103e-011 
-1.800000e+001 -1.700000e+001 6.131460e-011 
-1.700000e+001 -1.700000e+001 4.856160e-011 
-1.600000e+001 -1.700000e+001 3.552029e-011 
-1.500000e+001 -1.700000e+001 2.333409e-011 
-1.400000e+001 -1.700000e+001 1.304652e-011 
-1.300000e+001 -1.700000e+001 5.473398e-012 
-1.200000e+001 -1.700000e+001 1.103772e-012 
-1.100000e+001 -1.700000e+001 4.706451e-014 
-1.000000e+001 -1.700000e+001 2.035777e-012 
-9.000000e+000 -1.700000e+001 6.481573e-012 
-8.000000e+000 -1.700000e+001 1.257134e-011 
-7.000000e+000 -1.700000e+001 1.938181e-011 
-6.000000e+000 -1.700000e+001 2.598977e-011 
-5.000000e+000 -1.700000e+001 3.155990e-011 
-4.000000e+000 -1.700000e+001 3.540358e-011 
-3.000000e+000 -1.700000e+001 3.701457e-011 
-2.000000e+000 -1.700000e+001 3.609737e-011 
-1.000000e+000 -1.700000e+001 3.260731e-011 
0.000000e+000 -1.700000e+001 2.681352e-011 
1.000000e+000 -1.700000e+001 1.937727e-011 
2.000000e+000 -1.700000e+001 1.141260e-011 
3.000000e+000 -1.700000e+001 4.473133e-012 
4.000000e+000 -1.700000e+001 4.045342e-013 
5.000000e+000 -1.700000e+001 1.031140e-012 
6.000000e+000 -1.700000e+001 7.707999e-012 
7.000000e+000 -1.700000e+001 2.084724e-011 
8.000000e+000 -1.700000e+001 3.958055e-011 
9.000000e+000 -1.700000e+001 6.171148e-011 
1.000000e+001 -1.700000e+001 8.403110e-011 
1.100000e+001 -1.700000e+001 1.029470e-010 
1.200000e+001 -1.700000e+001 1.152607e-010 
1.300000e+001 -1.700000e+001 1.188745e-010 
1.400000e+001 -1.700000e+001 1.132332e-010 
1.500000e+001 -1.700000e+001 9.939829e-011 
1.600000e+001 -1.700000e+001 7.976240e-011 
1.700000e+001 -1.700000e+001 5.751147e-011 
1.800000e+001 -1.700000e+001 3.598604e-011 
1.900000e+001 -1.700000e+001 1.809416e-011 
2.000000e+001 -1.700000e+001 5.886920e-012 
-2.000000e+001 -1.600000e+001 6.971733e-011 
-1.900000e+001 -1.600000e+001 5.720991e-011 
-1.800000e+001 -1.600000e+001 4.334125e-011 
-1.700000e+001 -1.600000e+001 2.947487e-011 
-1.600000e+001 -1.600000e+001 1.704404e-011 
-1.500000e+001 -1.600000e+001 7.375763e-012 
-1.400000e+001 -1.600000e+001 1.515093e-012 
-1.300000e+001 -1.600000e+001 8.027351e-014 
-1.200000e+001 -1.600000e+001 3.177846e-012 
-1.100000e+001 -1.600000e+001 1.039695e-011 
-1.000000e+001 -1.600000e+001 2.088607e-011 
-9.000000e+000 -1.600000e+001 3.349611e-011 
-8.000000e+000 -1.600000e+001 4.695741e-011 
-7.000000e+000 -1.600000e+001 6.004940e-011 
-6.000000e+000 -1.600000e+001 7.172548e-011 
-5.000000e+000 -1.600000e+001 8.117051e-011 
-4.000000e+000 -1.600000e+001 8.779018e-011 
-3.000000e+000 -1.600000e+001 9.115451e-011 
-2.000000e+000 -1.600000e+001 9.093480e-011 
-1.000000e+000 -1.600000e+001 8.688002e-011 
0.000000e+000 -1.600000e+001 7.887303e-011 
1.000000e+000 -1.600000e+001 6.708340e-011 
2.000000e+000 -1.600000e+001 5.219194e-011 
3.000000e+000 -1.600000e+001 3.560599e-011 
4.000000e+000 -1.600000e+001 1.953730e-011 
5.000000e+000 -1.600000e+001 6.811631e-012 
6.000000e+000 -1.600000e+001 3.502684e-013 
7.000000e+000 -1.600000e+001 2.403902e-012 
8.000000e+000 -1.600000e+001 1.376817e-011 
9.000000e+000 -1.600000e+001 3.328290e-011 
1.000000e+001 -1.600000e+001 5.785434e-011 
1.100000e+001 -1.600000e+001 8.305626e-011 
1.200000e+001 -1.600000e+001 1.041463e-010 
1.300000e+001 -1.600000e+001 1.171818e-010 
1.400000e+001 -1.600000e+001 1.198994e-010 
1.500000e+001 -1.600000e+001 1.121258e-010 
1.600000e+001 -1.600000e+001 9.565861e-011 
1.700000e+001 -1.600000e+001 7.371698e-011 
1.800000e+001 -1.600000e+001 5.016022e-011 
1.900000e+001 -1.600000e+001 2.869299e-011 
2.000000e+001 -1.600000e+001 1.223185e-011 
-2.000000e+001 -1.500000e+001 5.482501e-011 
-1.900000e+001 -1.500000e+001 4.011417e-011 
-1.800000e+001 -1.500000e+001 2.562047e-011 
-1.700000e+001 -1.500000e+001 1.308488e-011 
-1.600000e+001 -1.500000e+001 4.151912e-012 
-1.500000e+001 -1.500000e+001 1.347466e-013 
-1.400000e+001 -1.500000e+001 1.807798e-012 
-1.300000e+001 -1.500000e+001 9.270973e-012 
-1.200000e+001 -1.500000e+001 2.192176e-011 
-1.100000e+001 -1.500000e+001 3.855118e-011 
-1.000000e+001 -1.500000e+001 5.755086e-011 
-9.000000e+000 -1.500000e+001 7.718850e-011 
-8.000000e+000 -1.500000e+001 9.588761e-011 
-7.000000e+000 -1.500000e+001 1.124437e-010 
-6.000000e+000 -1.500000e+001 1.261264e-010 
-5.000000e+000 -1.500000e+001 1.366481e-010 
-4.000000e+000 -1.500000e+001 1.440193e-010 
-3.000000e+000 -1.500000e+001 1.483363e-010 
-2.000000e+000 -1.500000e+001 1.495641e-010 
-1.000000e+000 -1.500000e+001 1.473821e-010 
0.000000e+000 -1.500000e+001 1.411578e-010 
1.000000e+000 -1.500000e+001 1.301079e-010 
2.000000e+000 -1.500000e+001 1.136712e-010 
3.000000e+000 -1.500000e+001 9.204190e-011 
4.000000e+000 -1.500000e+001 6.669325e-011 
5.000000e+000 -1.500000e+001 4.062126e-011 
6.000000e+000 -1.500000e+001 1.804567e-011 
7.000000e+000 -1.500000e+001 3.485574e-012 
8.000000e+000 -1.500000e+001 4.280581e-013 
9.000000e+000 -1.500000e+001 1.007037e-011 
1.000000e+001 -1.500000e+001 3.066590e-011 
1.100000e+001 -1.500000e+001 5.778647e-011 
1.200000e+001 -1.500000e+001 8.543790e-011 
1.300000e+001 -1.500000e+001 1.076298e-010 
1.400000e+001 -1.500000e+001 1.198622e-010 
1.500000e+001 -1.500000e+001 1.200814e-010 
1.600000e+001 -1.500000e+001 1.089020e-010 
1.700000e+001 -1.500000e+001 8.914908e-011 
1.800000e+001 -1.500000e+001 6.496505e-011 
1.900000e+001 -1.500000e+001 4.078387e-011 
2.000000e+001 -1.500000e+001 2.043866e-011 
-2.000000e+001 -1.400000e+001 3.880542e-011 
-1.900000e+001 -1.400000e+001 2.374189e-011 
-1.800000e+001 -1.400000e+001 1.100058e-011 
-1.700000e+001 -1.400000e+001 2.564000e-012 
-1.600000e+001 -1.400000e+001 5.045323e-014 
-1.500000e+001 -1.400000e+001 4.425508e-012 
-1.400000e+001 -1.400000e+001 1.578959e-011 
-1.300000e+001 -1.400000e+001 3.330155e-011 
-1.200000e+001 -1.400000e+001 5.527750e-011 
-1.100000e+001 -1.400000e+001 7.946604e-011 
-1.000000e+001 -1.400000e+001 1.034529e-010 
-9.000000e+000 -1.400000e+001 1.251047e-010 
-8.000000e+000 -1.400000e+001 1.429415e-010 
-7.000000e+000 -1.400000e+001 1.563417e-010 
-6.000000e+000 -1.400000e+001 1.655322e-010 
-5.000000e+000 -1.400000e+001 1.713807e-010 
-4.000000e+000 -1.400000e+001 1.750579e-010 
-3.000000e+000 -1.400000e+001 1.776589e-010 
-2.000000e+000 -1.400000e+001 1.798511e-010 
-1.000000e+000 -1.400000e+001 1.815912e-010 
0.000000e+000 -1.400000e+001 1.819507e-010 
1.000000e+000 -1.400000e+001 1.791238e-010 
2.000000e+000 -1.400000e+001 1.707429e-010 
3.000000e+000 -1.400000e+001 1.546048e-010 
4.000000e+000 -1.400000e+001 1.297440e-010 
5.000000e+000 -1.400000e+001 9.750560e-011 
6.000000e+000 -1.400000e+001 6.203739e-011 
7.000000e+000 -1.400000e+001 2.969901e-011 
8.000000e+000 -1.400000e+001 7.341465e-012 
9.000000e+000 -1.400000e+001 3.263231e-014 
1.000000e+001 -1.400000e+001 9.185691e-012 
1.100000e+001 -1.400000e+001 3.191746e-011 
1.200000e+001 -1.400000e+001 6.189757e-011 
1.300000e+001 -1.400000e+001 9.129264e-011 
1.400000e+001 -1.400000e+001 1.130134e-010 
1.500000e+001 -1.400000e+001 1.224799e-010 
1.600000e+001 -1.400000e+001 1.184348e-010 
1.700000e+001 -1.400000e+001 1.027507e-010 
1.800000e+001 -1.400000e+001 7.949704e-011 
1.900000e+001 -1.400000e+001 5.367975e-011 
2.000000e+001 -1.400000e+001 3.004198e-011 
-2.000000e+001 -1.300000e+001 2.364772e-011 
-1.900000e+001 -1.300000e+001 1.043940e-011 
-1.800000e+001 -1.300000e+001 1.998593e-012 
-1.700000e+001 -1.300000e+001 2.871463e-013 
-1.600000e+001 -1.300000e+001 6.519592e-012 
-1.500000e+001 -1.300000e+001 2.084585e-011 
-1.400000e+001 -1.300000e+001 4.218934e-011 
-1.300000e+001 -1.300000e+001 6.831490e-011 
-1.200000e+001 -1.300000e+001 9.615720e-011 
-1.100000e+001 -1.300000e+001 1.223724e-010 
-1.000000e+001 -1.300000e+001 1.439990e-010 
-9.000000e+000 -1.300000e+001 1.590604e-010 
-8.000000e+000 -1.300000e+001 1.669360e-010 
-7.000000e+000 -1.300000e+001 1.683926e-010 
-6.000000e+000 -1.300000e+001 1.652820e-010 
-5.000000e+000 -1.300000e+001 1.600264e-010 
-4.000000e+000 -1.300000e+001 1.550749e-010 
-3.000000e+000 -1.300000e+001 1.524793e-010 
-2.000000e+000 -1.300000e+001 1.536297e-010 
-1.000000e+000 -1.300000e+001 1.590685e-010 
0.000000e+000 -1.300000e+001 1.682536e-010 
1.000000e+000 -1.300000e+001 1.792408e-010 
2.000000e+000 -1.300000e+001 1.884751e-010 
3.000000e+000 -1.300000e+001 1.911098e-010 
4.000000e+000 -1.300000e+001 1.822381e-010 
5.000000e+000 -1.300000e+001 1.589612e-010 
6.000000e+000 -1.300000e+001 1.224670e-010 
7.000000e+000 -1.300000e+001 7.884705e-011 
8.000000e+000 -1.300000e+001 3.776714e-011 
9.000000e+000 -1.300000e+001 9.258644e-012 
1.000000e+001 -1.300000e+001 3.915358e-014 
1.100000e+001 -1.300000e+001 1.108432e-011 
1.200000e+001 -1.300000e+001 3.747767e-011 
1.300000e+001 -1.300000e+001 7.039604e-011 
1.400000e+001 -1.300000e+001 1.001804e-010 
1.500000e+001 -1.300000e+001 1.192047e-010 
1.600000e+001 -1.300000e+001 1.236211e-010 
1.700000e+001 -1.300000e+001 1.136882e-010 
1.800000e+001 -1.300000e+001 9.293255e-011 
1.900000e+001 -1.300000e+001 6.667994e-011 
2.000000e+001 -1.300000e+001 4.050996e-011 
-2.000000e+001 -1.200000e+001 1.123477e-011 
-1.900000e+001 -1.200000e+001 2.157046e-012 
-1.800000e+001 -1.200000e+001 3.273267e-013 
-1.700000e+001 -1.200000e+001 7.292660e-012 
-1.600000e+001 -1.200000e+001 2.336221e-011 
-1.500000e+001 -1.200000e+001 4.731863e-011 
-1.400000e+001 -1.200000e+001 7.640480e-011 
-1.300000e+001 -1.200000e+001 1.066664e-010 
-1.200000e+001 -1.200000e+001 1.336470e-010 
-1.100000e+001 -1.200000e+001 1.533151e-010 
-1.000000e+001 -1.200000e+001 1.629927e-010 
-9.000000e+000 -1.200000e+001 1.619943e-010 
-8.000000e+000 -1.200000e+001 1.517442e-010 
-7.000000e+000 -1.200000e+001 1.353029e-010 
-6.000000e+000 -1.200000e+001 1.164729e-010 
-5.000000e+000 -1.200000e+001 9.883404e-011 
-4.000000e+000 -1.200000e+001 8.508686e-011 
-3.000000e+000 -1.200000e+001 7.691525e-011 
-2.000000e+000 -1.200000e+001 7.530218e-011 
-1.000000e+000 -1.200000e+001 8.097618e-011 
0.000000e+000 -1.200000e+001 9.454284e-011 
1.000000e+000 -1.200000e+001 1.159394e-010 
2.000000e+000 -1.200000e+001 1.432172e-010 
3.000000e+000 -1.200000e+001 1.713050e-010 
4.000000e+000 -1.200000e+001 1.919890e-010 
5.000000e+000 -1.200000e+001 1.961516e-010 
6.000000e+000 -1.200000e+001 1.779228e-010 
7.000000e+000 -1.200000e+001 1.385975e-010 
8.000000e+000 -1.200000e+001 8.761735e-011 
9.000000e+000 -1.200000e+001 3.946195e-011 
1.000000e+001 -1.200000e+001 7.888255e-012 
1.100000e+001 -1.200000e+001 5.567061e-013 
1.200000e+001 -1.200000e+001 1.662319e-011 
1.300000e+001 -1.200000e+001 4.798690e-011 
1.400000e+001 -1.200000e+001 8.302487e-011 
1.500000e+001 -1.200000e+001 1.108348e-010 
1.600000e+001 -1.200000e+001 1.243306e-010 
1.700000e+001 -1.200000e+001 1.214496e-010 
1.800000e+001 -1.200000e+001 1.046176e-010 
1.900000e+001 -1.200000e+001 7.914162e-011 
2.000000e+001 -1.200000e+001 5.129567e-011 
-2.000000e+001 -1.100000e+001 3.060181e-012 
-1.900000e+001 -1.100000e+001 1.216093e-013 
-1.800000e+001 -1.100000e+001 6.556294e-012 
-1.700000e+001 -1.100000e+001 2.299694e-011 
-1.600000e+001 -1.100000e+001 4.828417e-011 
-1.500000e+001 -1.100000e+001 7.931150e-011 
-1.400000e+001 -1.100000e+001 1.113143e-010 
-1.300000e+001 -1.100000e+001 1.386668e-010 
-1.200000e+001 -1.100000e+001 1.560989e-010 
-1.100000e+001 -1.100000e+001 1.600591e-010 
-1.000000e+001 -1.100000e+001 1.497933e-010 
-9.000000e+000 -1.100000e+001 1.276950e-010 
-8.000000e+000 -1.100000e+001 9.866925e-011 
-7.000000e+000 -1.100000e+001 6.863578e-011 
-6.000000e+000 -1.100000e+001 4.271226e-011 
-5.000000e+000 -1.100000e+001 2.382497e-011 
-4.000000e+000 -1.100000e+001 1.232345e-011 
-3.000000e+000 -1.100000e+001 6.700693e-012 
-2.000000e+000 -1.100000e+001 5.037893e-012 
-1.000000e+000 -1.100000e+001 6.569322e-012 
0.000000e+000 -1.100000e+001 1.276016e-011 
1.000000e+000 -1.100000e+001 2.726614e-011 
2.000000e+000 -1.100000e+001 5.413714e-011 
3.000000e+000 -1.100000e+001 9.424620e-011 
4.000000e+000 -1.100000e+001 1.415981e-010 
5.000000e+000 -1.100000e+001 1.827500e-010 
6.000000e+000 -1.100000e+001 2.016423e-010 
7.000000e+000 -1.100000e+001 1.881176e-010 
8.000000e+000 -1.100000e+001 1.446377e-010 
9.000000e+000 -1.100000e+001 8.626411e-011 
1.000000e+001 -1.100000e+001 3.370385e-011 
1.100000e+001 -1.100000e+001 3.871897e-012 
1.200000e+001 -1.100000e+001 3.340461e-012 
1.300000e+001 -1.100000e+001 2.737874e-011 
1.400000e+001 -1.100000e+001 6.376575e-011 
1.500000e+001 -1.100000e+001 9.854679e-011 
1.600000e+001 -1.100000e+001 1.209435e-010 
1.700000e+001 -1.100000e+001 1.258968e-010 
1.800000e+001 -1.100000e+001 1.141338e-010 
1.900000e+001 -1.100000e+001 9.054113e-011 
2.000000e+001 -1.100000e+001 6.188648e-011 
-2.000000e+001 -1.000000e+001 1.241126e-014 
-1.900000e+001 -1.000000e+001 4.640307e-012 
-1.800000e+001 -1.000000e+001 1.999930e-011 
-1.700000e+001 -1.000000e+001 4.526764e-011 
-1.600000e+001 -1.000000e+001 7.730439e-011 
-1.500000e+001 -1.000000e+001 1.107921e-010 
-1.400000e+001 -1.000000e+001 1.390399e-010 
-1.300000e+001 -1.000000e+001 1.554474e-010 
-1.200000e+001 -1.000000e+001 1.553695e-010 
-1.100000e+001 -1.000000e+001 1.378388e-010 
-1.000000e+001 -1.000000e+001 1.064263e-010 
-9.000000e+000 -1.000000e+001 6.863574e-011 
-8.000000e+000 -1.000000e+001 3.372547e-011 
-7.000000e+000 -1.000000e+001 9.615716e-012 
-6.000000e+000 -1.000000e+001 1.679375e-013 
-5.000000e+000 -1.000000e+001 4.108307e-012 
-4.000000e+000 -1.000000e+001 1.603939e-011 
-3.000000e+000 -1.000000e+001 2.882934e-011 
-2.000000e+000 -1.000000e+001 3.609979e-011 
-1.000000e+000 -1.000000e+001 3.404068e-011 
0.000000e+000 -1.000000e+001 2.278361e-011 
1.000000e+000 -1.000000e+001 7.751593e-012 
2.000000e+000 -1.000000e+001 6.258470e-015 
3.000000e+000 -1.000000e+001 1.293121e-011 
4.000000e+000 -1.000000e+001 5.395745e-011 
5.000000e+000 -1.000000e+001 1.156975e-010 
6.000000e+000 -1.000000e+001 1.751770e-010 
7.000000e+000 -1.000000e+001 2.052313e-010 
8.000000e+000 -1.000000e+001 1.910513e-010 
9.000000e+000 -1.000000e+001 1.393594e-010 
1.000000e+001 -1.000000e+001 7.389719e-011 
1.100000e+001 -1.000000e+001 2.174937e-011 
1.200000e+001 -1.000000e+001 2.650428e-013 
1.300000e+001 -1.000000e+001 1.148753e-011 
1.400000e+001 -1.000000e+001 4.477269e-011 
1.500000e+001 -1.000000e+001 8.390710e-011 
1.600000e+001 -1.000000e+001 1.142727e-010 
1.700000e+001 -1.000000e+001 1.272630e-010 
1.800000e+001 -1.000000e+001 1.213297e-010 
1.900000e+001 -1.000000e+001 1.005163e-010 
2.000000e+001 -1.000000e+001 7.184456e-011 
-2.000000e+001 -9.000000e+000 2.270360e-012 
-1.900000e+001 -9.000000e+000 1.508423e-011 
-1.800000e+001 -9.000000e+000 3.886878e-011 
-1.700000e+001 -9.000000e+000 7.086553e-011 
-1.600000e+001 -9.000000e+000 1.056337e-010 
-1.500000e+001 -9.000000e+000 1.357131e-010 
-1.400000e+001 -9.000000e+000 1.531922e-010 
-1.300000e+001 -9.000000e+000 1.520281e-010 
-1.200000e+001 -9.000000e+000 1.305491e-010 
-1.100000e+001 -9.000000e+000 9.316449e-011 
-1.000000e+001 -9.000000e+000 5.019164e-011 
-9.000000e+000 -9.000000e+000 1.516335e-011 
-8.000000e+000 -9.000000e+000 1.135458e-013 
-7.000000e+000 -9.000000e+000 1.072971e-011 
-6.000000e+000 -9.000000e+000 4.395169e-011 
-5.000000e+000 -9.000000e+000 8.962482e-011 
-4.000000e+000 -9.000000e+000 1.353139e-010 
-3.000000e+000 -9.000000e+000 1.711182e-010 
-2.000000e+000 -9.000000e+000 1.914327e-010 
-1.000000e+000 -9.000000e+000 1.932824e-010 
0.000000e+000 -9.000000e+000 1.740059e-010 
1.000000e+000 -9.000000e+000 1.323116e-010 
2.000000e+000 -9.000000e+000 7.445603e-011 
3.000000e+000 -9.000000e+000 2.059609e-011 
4.000000e+000 -9.000000e+000 2.071003e-013 
5.000000e+000 -9.000000e+000 3.216792e-011 
6.000000e+000 -9.000000e+000 1.047237e-010 
7.000000e+000 -9.000000e+000 1.778620e-010 
8.000000e+000 -9.000000e+000 2.098928e-010 
9.000000e+000 -9.000000e+000 1.851934e-010 
1.000000e+001 -9.000000e+000 1.209153e-010 
1.100000e+001 -9.000000e+000 5.173361e-011 
1.200000e+001 -9.000000e+000 8.016676e-012 
1.300000e+001 -9.000000e+000 2.226322e-012 
1.400000e+001 -9.000000e+000 2.812012e-011 
1.500000e+001 -9.000000e+000 6.859498e-011 
1.600000e+001 -9.000000e+000 1.054205e-010 
1.700000e+001 -9.000000e+000 1.260954e-010 
1.800000e+001 -9.000000e+000 1.263143e-010 
1.900000e+001 -9.000000e+000 1.088836e-010 
2.000000e+001 -9.000000e+000 8.083290e-011 
-2.000000e+001 -8.000000e+000 9.329859e-012 
-1.900000e+001 -8.000000e+000 3.005485e-011 
-1.800000e+001 -8.000000e+000 6.066451e-011 
-1.700000e+001 -8.000000e+000 9.615128e-011 
-1.600000e+001 -8.000000e+000 1.287906e-010 
-1.500000e+001 -8.000000e+000 1.495819e-010 
-1.400000e+001 -8.000000e+000 1.508133e-010 
-1.300000e+001 -8.000000e+000 1.292998e-010 
-1.200000e+001 -8.000000e+000 8.920453e-011 
-1.100000e+001 -8.000000e+000 4.285313e-011 
-1.000000e+001 -8.000000e+000 8.080190e-012 
-9.000000e+000 -8.000000e+000 1.879765e-012 
-8.000000e+000 -8.000000e+000 3.244109e-011 
-7.000000e+000 -8.000000e+000 9.388325e-011 
-6.000000e+000 -8.000000e+000 1.679805e-010 
-5.000000e+000 -8.000000e+000 2.333418e-010 
-4.000000e+000 -8.000000e+000 2.766493e-010 
-3.000000e+000 -8.000000e+000 2.980479e-010 
-2.000000e+000 -8.000000e+000 3.072084e-010 
-1.000000e+000 -8.000000e+000 3.137751e-010 
0.000000e+000 -8.000000e+000 3.181293e-010 
1.000000e+000 -8.000000e+000 3.066442e-010 
2.000000e+000 -8.000000e+000 2.576959e-010 
3.000000e+000 -8.000000e+000 1.644249e-010 
4.000000e+000 -8.000000e+000 5.902074e-011 
5.000000e+000 -8.000000e+000 1.531408e-012 
6.000000e+000 -8.000000e+000 2.834053e-011 
7.000000e+000 -8.000000e+000 1.142584e-010 
8.000000e+000 -8.000000e+000 1.929477e-010 
9.000000e+000 -8.000000e+000 2.116590e-010 
1.000000e+001 -8.000000e+000 1.654061e-010 
1.100000e+001 -8.000000e+000 8.882157e-011 
1.200000e+001 -8.000000e+000 2.507767e-011 
1.300000e+001 -8.000000e+000 1.309251e-013 
1.400000e+001 -8.000000e+000 1.521326e-011 
1.500000e+001 -8.000000e+000 5.412234e-011 
1.600000e+001 -8.000000e+000 9.560140e-011 
1.700000e+001 -8.000000e+000 1.231605e-010 
1.800000e+001 -8.000000e+000 1.294155e-010 
1.900000e+001 -8.000000e+000 1.156291e-010 
2.000000e+001 -8.000000e+000 8.862376e-011 
-2.000000e+001 -7.000000e+000 2.014904e-011 
-1.900000e+001 -7.000000e+000 4.768981e-011 
-1.800000e+001 -7.000000e+000 8.269608e-011 
-1.700000e+001 -7.000000e+000 1.178637e-010 
-1.600000e+001 -7.000000e+000 1.436184e-010 
-1.500000e+001 -7.000000e+000 1.505758e-010 
-1.400000e+001 -7.000000e+000 1.332252e-010 
-1.300000e+001 -7.000000e+000 9.387184e-011 
-1.200000e+001 -7.000000e+000 4.496670e-011 
-1.100000e+001 -7.000000e+000 7.468900e-012 
-1.000000e+001 -7.000000e+000 3.680462e-012 
-9.000000e+000 -7.000000e+000 4.578765e-011 
-8.000000e+000 -7.000000e+000 1.256066e-010 
-7.000000e+000 -7.000000e+000 2.138354e-010 
-6.000000e+000 -7.000000e+000 2.738023e-010 
-5.000000e+000 -7.000000e+000 2.836558e-010 
-4.000000e+000 -7.000000e+000 2.501394e-010 
-3.000000e+000 -7.000000e+000 2.012151e-010 
-2.000000e+000 -7.000000e+000 1.655085e-010 
-1.000000e+000 -7.000000e+000 1.599420e-010 
0.000000e+000 -7.000000e+000 1.921203e-010 
1.000000e+000 -7.000000e+000 2.588746e-010 
2.000000e+000 -7.000000e+000 3.267593e-010 
3.000000e+000 -7.000000e+000 3.284422e-010 
4.000000e+000 -7.000000e+000 2.251813e-010 
5.000000e+000 -7.000000e+000 7.748541e-011 
6.000000e+000 -7.000000e+000 8.567012e-013 
7.000000e+000 -7.000000e+000 4.369316e-011 
8.000000e+000 -7.000000e+000 1.459818e-010 
9.000000e+000 -7.000000e+000 2.129200e-010 
1.000000e+001 -7.000000e+000 1.992961e-010 
1.100000e+001 -7.000000e+000 1.269508e-010 
1.200000e+001 -7.000000e+000 4.826129e-011 
1.300000e+001 -7.000000e+000 4.326304e-012 
1.400000e+001 -7.000000e+000 6.582558e-012 
1.500000e+001 -7.000000e+000 4.161759e-011 
1.600000e+001 -7.000000e+000 8.597288e-011 
1.700000e+001 -7.000000e+000 1.193291e-010 
1.800000e+001 -7.000000e+000 1.311122e-010 
1.900000e+001 -7.000000e+000 1.208753e-010 
2.000000e+001 -7.000000e+000 9.508939e-011 
-2.000000e+001 -6.000000e+000 3.337261e-011 
-1.900000e+001 -6.000000e+000 6.602847e-011 
-1.800000e+001 -6.000000e+000 1.026008e-010 
-1.700000e+001 -6.000000e+000 1.337500e-010 
-1.600000e+001 -6.000000e+000 1.488871e-010 
-1.500000e+001 -6.000000e+000 1.398058e-010 
-1.400000e+001 -6.000000e+000 1.053892e-010 
-1.300000e+001 -6.000000e+000 5.564390e-011 
-1.200000e+001 -6.000000e+000 1.215394e-011 
-1.100000e+001 -6.000000e+000 1.878964e-012 
-1.000000e+001 -6.000000e+000 4.348693e-011 
-9.000000e+000 -6.000000e+000 1.310113e-010 
-8.000000e+000 -6.000000e+000 2.266070e-010 
-7.000000e+000 -6.000000e+000 2.755837e-010 
-6.000000e+000 -6.000000e+000 2.434971e-010 
-5.000000e+000 -6.000000e+000 1.487242e-010 
-4.000000e+000 -6.000000e+000 5.241724e-011 
-3.000000e+000 -6.000000e+000 4.596898e-012 
-2.000000e+000 -6.000000e+000 2.638933e-012 
-1.000000e+000 -6.000000e+000 8.734159e-012 
0.000000e+000 -6.000000e+000 1.425184e-012 
1.000000e+000 -6.000000e+000 1.391123e-011 
2.000000e+000 -6.000000e+000 1.133013e-010 
3.000000e+000 -6.000000e+000 2.799788e-010 
4.000000e+000 -6.000000e+000 3.520817e-010 
5.000000e+000 -6.000000e+000 2.336348e-010 
6.000000e+000 -6.000000e+000 5.667141e-011 
7.000000e+000 -6.000000e+000 2.638157e-012 
8.000000e+000 -6.000000e+000 8.696702e-011 
9.000000e+000 -6.000000e+000 1.917832e-010 
1.000000e+001 -6.000000e+000 2.184960e-010 
1.100000e+001 -6.000000e+000 1.608090e-010 
1.200000e+001 -6.000000e+000 7.360382e-011 
1.300000e+001 -6.000000e+000 1.282897e-011 
1.400000e+001 -6.000000e+000 1.894371e-012 
1.500000e+001 -6.000000e+000 3.172508e-011 
1.600000e+001 -6.000000e+000 7.751188e-011 
1.700000e+001 -6.000000e+000 1.154682e-010 
1.800000e+001 -6.000000e+000 1.319539e-010 
1.900000e+001 -6.000000e+000 1.248308e-010 
2.000000e+001 -6.000000e+000 1.001777e-010 
-2.000000e+001 -5.000000e+000 4.757913e-011 
-1.900000e+001 -5.000000e+000 8.334754e-011 
-1.800000e+001 -5.000000e+000 1.187266e-010 
-1.700000e+001 -5.000000e+000 1.428832e-010 
-1.600000e+001 -5.000000e+000 1.453187e-010 
-1.500000e+001 -5.000000e+000 1.206655e-010 
-1.400000e+001 -5.000000e+000 7.403702e-011 
-1.300000e+001 -5.000000e+000 2.412931e-011 
-1.200000e+001 -5.000000e+000 1.260831e-014 
-1.100000e+001 -5.000000e+000 2.829644e-011 
-1.000000e+001 -5.000000e+000 1.123775e-010 
-9.000000e+000 -5.000000e+000 2.154763e-010 
-8.000000e+000 -5.000000e+000 2.686565e-010 
-7.000000e+000 -5.000000e+000 2.186394e-010 
-6.000000e+000 -5.000000e+000 9.208777e-011 
-5.000000e+000 -5.000000e+000 2.742635e-012 
-4.000000e+000 -5.000000e+000 5.008847e-011 
-3.000000e+000 -5.000000e+000 2.043081e-010 
-2.000000e+000 -5.000000e+000 3.473927e-010 
-1.000000e+000 -5.000000e+000 4.116257e-010 
0.000000e+000 -5.000000e+000 3.859161e-010 
1.000000e+000 -5.000000e+000 2.401845e-010 
2.000000e+000 -5.000000e+000 3.788858e-011 
3.000000e+000 -5.000000e+000 4.252248e-011 
4.000000e+000 -5.000000e+000 2.738272e-010 
5.000000e+000 -5.000000e+000 3.560734e-010 
6.000000e+000 -5.000000e+000 1.769983e-010 
7.000000e+000 -5.000000e+000 1.246906e-011 
8.000000e+000 -5.000000e+000 3.684612e-011 
9.000000e+000 -5.000000e+000 1.580194e-010 
1.000000e+001 -5.000000e+000 2.239667e-010 
1.100000e+001 -5.000000e+000 1.872214e-010 
1.200000e+001 -5.000000e+000 9.733021e-011 
1.300000e+001 -5.000000e+000 2.306410e-011 
1.400000e+001 -5.000000e+000 1.619482e-013 
1.500000e+001 -5.000000e+000 2.463871e-011 
1.600000e+001 -5.000000e+000 7.095981e-011 
1.700000e+001 -5.000000e+000 1.123545e-010 
1.800000e+001 -5.000000e+000 1.324787e-010 
1.900000e+001 -5.000000e+000 1.277296e-010 
2.000000e+001 -5.000000e+000 1.038780e-010 
-2.000000e+001 -4.000000e+000 6.149633e-011 
-1.900000e+001 -4.000000e+000 9.839385e-011 
-1.800000e+001 -4.000000e+000 1.303019e-010 
-1.700000e+001 -4.000000e+000 1.456177e-010 
-1.600000e+001 -4.000000e+000 1.350894e-010 
-1.500000e+001 -4.000000e+000 9.757745e-011 
-1.400000e+001 -4.000000e+000 4.540189e-011 
-1.300000e+001 -4.000000e+000 5.252715e-012 
-1.200000e+001 -4.000000e+000 9.615728e-012 
-1.100000e+001 -4.000000e+000 7.626686e-011 
-1.000000e+001 -4.000000e+000 1.827900e-010 
-9.000000e+000 -4.000000e+000 2.586414e-010 
-8.000000e+000 -4.000000e+000 2.258739e-010 
-7.000000e+000 -4.000000e+000 9.053093e-011 
-6.000000e+000 -4.000000e+000 6.269562e-016 
-5.000000e+000 -4.000000e+000 1.205053e-010 
-4.000000e+000 -4.000000e+000 3.766830e-010 
-3.000000e+000 -4.000000e+000 4.766415e-010 
-2.000000e+000 -4.000000e+000 3.539157e-010 
-1.000000e+000 -4.000000e+000 2.390909e-010 
0.000000e+000 -4.000000e+000 2.849351e-010 
1.000000e+000 -4.000000e+000 4.879623e-010 
2.000000e+000 -4.000000e+000 4.830115e-010 
3.000000e+000 -4.000000e+000 9.214993e-011 
4.000000e+000 -4.000000e+000 6.477953e-011 
5.000000e+000 -4.000000e+000 3.442441e-010 
6.000000e+000 -4.000000e+000 2.996651e-010 
7.000000e+000 -4.000000e+000 6.557282e-011 
8.000000e+000 -4.000000e+000 8.245307e-012 
9.000000e+000 -4.000000e+000 1.235347e-010 
1.000000e+001 -4.000000e+000 2.207081e-010 
1.100000e+001 -4.000000e+000 2.055415e-010 
1.200000e+001 -4.000000e+000 1.165179e-010 
1.300000e+001 -4.000000e+000 3.241588e-011 
1.400000e+001 -4.000000e+000 8.797900e-014 
1.500000e+001 -4.000000e+000 2.025142e-011 
1.600000e+001 -4.000000e+000 6.683652e-011 
1.700000e+001 -4.000000e+000 1.106187e-010 
1.800000e+001 -4.000000e+000 1.331391e-010 
1.900000e+001 -4.000000e+000 1.297695e-010 
2.000000e+001 -4.000000e+000 1.061823e-010 
-2.000000e+001 -3.000000e+000 7.414526e-011 
-1.900000e+001 -3.000000e+000 1.104793e-010 
-1.800000e+001 -3.000000e+000 1.373856e-010 
-1.700000e+001 -3.000000e+000 1.432542e-010 
-1.600000e+001 -3.000000e+000 1.210496e-010 
-1.500000e+001 -3.000000e+000 7.466769e-011 
-1.400000e+001 -3.000000e+000 2.350618e-011 
-1.300000e+001 -3.000000e+000 3.171520e-014 
-1.200000e+001 -3.000000e+000 3.485875e-011 
-1.100000e+001 -3.000000e+000 1.294035e-010 
-1.000000e+001 -3.000000e+000 2.312879e-010 
-9.000000e+000 -3.000000e+000 2.480932e-010 
-8.000000e+000 -3.000000e+000 1.337015e-010 
-7.000000e+000 -3.000000e+000 5.423659e-012 
-6.000000e+000 -3.000000e+000 9.740462e-011 
-5.000000e+000 -3.000000e+000 3.871955e-010 
-4.000000e+000 -3.000000e+000 3.976812e-010 
-3.000000e+000 -3.000000e+000 5.883625e-011 
-2.000000e+000 -3.000000e+000 8.788133e-011 
-1.000000e+000 -3.000000e+000 3.653985e-010 
0.000000e+000 -3.000000e+000 3.538985e-010 
1.000000e+000 -3.000000e+000 3.153762e-011 
2.000000e+000 -3.000000e+000 2.993481e-010 
3.000000e+000 -3.000000e+000 4.926003e-010 
4.000000e+000 -3.000000e+000 1.318962e-011 
5.000000e+000 -3.000000e+000 2.254099e-010 
6.000000e+000 -3.000000e+000 3.727865e-010 
7.000000e+000 -3.000000e+000 1.326508e-010 
8.000000e+000 -3.000000e+000 7.859829e-014 
9.000000e+000 -3.000000e+000 9.757102e-011 
1.000000e+001 -3.000000e+000 2.153898e-010 
1.100000e+001 -3.000000e+000 2.169490e-010 
1.200000e+001 -3.000000e+000 1.292485e-010 
1.300000e+001 -3.000000e+000 3.866221e-011 
1.400000e+001 -3.000000e+000 4.519901e-013 
1.500000e+001 -3.000000e+000 1.837331e-011 
1.600000e+001 -3.000000e+000 6.550109e-011 
1.700000e+001 -3.000000e+000 1.107128e-010 
1.800000e+001 -3.000000e+000 1.342382e-010 
1.900000e+001 -3.000000e+000 1.310552e-010 
2.000000e+001 -3.000000e+000 1.070514e-010 
-2.000000e+001 -2.000000e+000 8.489845e-011 
-1.900000e+001 -2.000000e+000 1.194452e-010 
-1.800000e+001 -2.000000e+000 1.406561e-010 
-1.700000e+001 -2.000000e+000 1.375699e-010 
-1.600000e+001 -2.000000e+000 1.059628e-010 
-1.500000e+001 -2.000000e+000 5.484848e-011 
-1.400000e+001 -2.000000e+000 9.580512e-012 
-1.300000e+001 -2.000000e+000 5.408471e-012 
-1.200000e+001 -2.000000e+000 6.639890e-011 
-1.100000e+001 -2.000000e+000 1.739379e-010 
-1.000000e+001 -2.000000e+000 2.500026e-010 
-9.000000e+000 -2.000000e+000 2.019844e-010 
-8.000000e+000 -2.000000e+000 5.107165e-011 
-7.000000e+000 -2.000000e+000 2.208871e-011 
-6.000000e+000 -2.000000e+000 2.856059e-010 
-5.000000e+000 -2.000000e+000 4.228225e-010 
-4.000000e+000 -2.000000e+000 4.945840e-011 
-3.000000e+000 -2.000000e+000 3.015344e-010 
-2.000000e+000 -2.000000e+000 5.383867e-010 
-1.000000e+000 -2.000000e+000 1.609645e-011 
0.000000e+000 -2.000000e+000 1.050284e-014 
1.000000e+000 -2.000000e+000 4.719684e-010 
2.000000e+000 -2.000000e+000 9.381208e-011 
3.000000e+000 -2.000000e+000 5.130011e-010 
4.000000e+000 -2.000000e+000 1.785542e-010 
5.000000e+000 -2.000000e+000 1.133184e-010 
6.000000e+000 -2.000000e+000 3.962683e-010 
7.000000e+000 -2.000000e+000 1.833395e-010 
8.000000e+000 -2.000000e+000 1.559063e-012 
9.000000e+000 -2.000000e+000 8.500773e-011 
1.000000e+001 -2.000000e+000 2.139091e-010 
1.100000e+001 -2.000000e+000 2.230372e-010 
1.200000e+001 -2.000000e+000 1.343139e-010 
1.300000e+001 -2.000000e+000 4.025385e-011 
1.400000e+001 -2.000000e+000 4.723695e-013 
1.500000e+001 -2.000000e+000 1.895559e-011 
1.600000e+001 -2.000000e+000 6.721992e-011 
1.700000e+001 -2.000000e+000 1.128851e-010 
1.800000e+001 -2.000000e+000 1.358758e-010 
1.900000e+001 -2.000000e+000 1.315532e-010 
2.000000e+001 -2.000000e+000 1.063899e-010 
-2.000000e+001 -1.000000e+000 9.346085e-011 
-1.900000e+001 -1.000000e+000 1.255343e-010 
-1.800000e+001 -1.000000e+000 1.411297e-010 
-1.700000e+001 -1.000000e+000 1.303738e-010 
-1.600000e+001 -1.000000e+000 9.199172e-011 
-1.500000e+001 -1.000000e+000 3.952659e-011 
-1.400000e+001 -1.000000e+000 2.567376e-012 
-1.300000e+001 -1.000000e+000 1.634578e-011 
-1.200000e+001 -1.000000e+000 9.583320e-011 
-1.100000e+001 -1.000000e+000 2.035933e-010 
-1.000000e+001 -1.000000e+000 2.459341e-010 
-9.000000e+000 -1.000000e+000 1.491104e-010 
-8.000000e+000 -1.000000e+000 9.068012e-012 
-7.000000e+000 -1.000000e+000 9.994145e-011 
-6.000000e+000 -1.000000e+000 3.996352e-010 
-5.000000e+000 -1.000000e+000 2.419681e-010 
-4.000000e+000 -1.000000e+000 7.328306e-011 
-3.000000e+000 -1.000000e+000 5.939563e-010 
-2.000000e+000 -1.000000e+000 1.272063e-010 
-1.000000e+000 -1.000000e+000 5.792603e-011 
0.000000e+000 -1.000000e+000 1.277322e-010 
1.000000e+000 -1.000000e+000 3.491351e-010 
2.000000e+000 -1.000000e+000 5.830783e-010 
3.000000e+000 -1.000000e+000 2.600954e-010 
4.000000e+000 -1.000000e+000 3.221544e-010 
5.000000e+000 -1.000000e+000 7.052700e-011 
6.000000e+000 -1.000000e+000 4.048123e-010 
7.000000e+000 -1.000000e+000 1.988741e-010 
8.000000e+000 -1.000000e+000 1.937124e-012 
9.000000e+000 -1.000000e+000 8.813957e-011 
1.000000e+001 -1.000000e+000 2.196450e-010 
1.100000e+001 -1.000000e+000 2.242901e-010 
1.200000e+001 -1.000000e+000 1.307964e-010 
1.300000e+001 -1.000000e+000 3.651804e-011 
1.400000e+001 -1.000000e+000 9.999348e-014 
1.500000e+001 -1.000000e+000 2.225240e-011 
1.600000e+001 -1.000000e+000 7.219509e-011 
1.700000e+001 -1.000000e+000 1.171438e-010 
1.800000e+001 -1.000000e+000 1.379035e-010 
1.900000e+001 -1.000000e+000 1.310646e-010 
2.000000e+001 -1.000000e+000 1.040397e-010 
-2.000000e+001 0.000000e+000 9.979720e-011 
-1.900000e+001 0.000000e+000 1.292239e-010 
-1.800000e+001 0.000000e+000 1.398931e-010 
-1.700000e+001 0.000000e+000 1.231970e-010 
-1.600000e+001 0.000000e+000 8.051332e-011 
-1.500000e+001 0.000000e+000 2.885391e-011 
-1.400000e+001 0.000000e+000 2.034153e-013 
-1.300000e+001 0.000000e+000 2.790988e-011 
-1.200000e+001 0.000000e+000 1.179624e-010 
-1.100000e+001 0.000000e+000 2.190497e-010 
-1.000000e+001 0.000000e+000 2.321647e-010 
-9.000000e+000 0.000000e+000 1.091381e-010 
-8.000000e+000 0.000000e+000 1.265830e-015 
-7.000000e+000 0.000000e+000 1.702007e-010 
-6.000000e+000 0.000000e+000 4.173310e-010 
-5.000000e+000 0.000000e+000 1.039171e-010 
-4.000000e+000 0.000000e+000 2.862621e-010 
-3.000000e+000 0.000000e+000 2.765240e-010 
-2.000000e+000 0.000000e+000 5.633042e-010 
-1.000000e+000 0.000000e+000 1.239724e-010 
0.000000e+000 0.000000e+000 0.000000e+000 
1.000000e+000 0.000000e+000 1.239724e-010 
2.000000e+000 0.000000e+000 5.633042e-010 
3.000000e+000 0.000000e+000 2.765240e-010 
4.000000e+000 0.000000e+000 2.862621e-010 
5.000000e+000 0.000000e+000 1.039171e-010 
6.000000e+000 0.000000e+000 4.173310e-010 
7.000000e+000 0.000000e+000 1.702007e-010 
8.000000e+000 0.000000e+000 1.265830e-015 
9.000000e+000 0.000000e+000 1.091381e-010 
1.000000e+001 0.000000e+000 2.321647e-010 
1.100000e+001 0.000000e+000 2.190497e-010 
1.200000e+001 0.000000e+000 1.179624e-010 
1.300000e+001 0.000000e+000 2.790988e-011 
1.400000e+001 0.000000e+000 2.034153e-013 
1.500000e+001 0.000000e+000 2.885391e-011 
1.600000e+001 0.000000e+000 8.051332e-011 
1.700000e+001 0.000000e+000 1.231970e-010 
1.800000e+001 0.000000e+000 1.398931e-010 
1.900000e+001 0.000000e+000 1.292239e-010 
2.000000e+001 0.000000e+000 9.979720e-011 
-2.000000e+001 1.000000e+000 1.040392e-010 
-1.900000e+001 1.000000e+000 1.310644e-010 
-1.800000e+001 1.000000e+000 1.379037e-010 
-1.700000e+001 1.000000e+000 1.171444e-010 
-1.600000e+001 1.000000e+000 7.219593e-011 
-1.500000e+001 1.000000e+000 2.225301e-011 
-1.400000e+001 1.000000e+000 9.994826e-014 
-1.300000e+001 1.000000e+000 3.651723e-011 
-1.200000e+001 1.000000e+000 1.307953e-010 
-1.100000e+001 1.000000e+000 2.242897e-010 
-1.000000e+001 1.000000e+000 2.196459e-010 
-9.000000e+000 1.000000e+000 8.814096e-011 
-8.000000e+000 1.000000e+000 1.936862e-012 
-7.000000e+000 1.000000e+000 1.988722e-010 
-6.000000e+000 1.000000e+000 4.048129e-010 
-5.000000e+000 1.000000e+000 7.052881e-011 
-4.000000e+000 1.000000e+000 3.221515e-010 
-3.000000e+000 1.000000e+000 2.600987e-010 
-2.000000e+000 1.000000e+000 5.830773e-010 
-1.000000e+000 1.000000e+000 3.491336e-010 
0.000000e+000 1.000000e+000 1.277309e-010 
1.000000e+000 1.000000e+000 5.792754e-011 
2.000000e+000 1.000000e+000 1.272037e-010 
3.000000e+000 1.000000e+000 5.939578e-010 
4.000000e+000 1.000000e+000 7.328105e-011 
5.000000e+000 1.000000e+000 2.419707e-010 
6.000000e+000 1.000000e+000 3.996344e-010 
7.000000e+000 1.000000e+000 9.993974e-011 
8.000000e+000 1.000000e+000 9.068571e-012 
9.000000e+000 1.000000e+000 1.491119e-010 
1.000000e+001 1.000000e+000 2.459345e-010 
1.100000e+001 1.000000e+000 2.035925e-010 
1.200000e+001 1.000000e+000 9.583208e-011 
1.300000e+001 1.000000e+000 1.634521e-011 
1.400000e+001 1.000000e+000 2.567604e-012 
1.500000e+001 1.000000e+000 3.952735e-011 
1.600000e+001 1.000000e+000 9.199255e-011 
1.700000e+001 1.000000e+000 1.303744e-010 
1.800000e+001 1.000000e+000 1.411298e-010 
1.900000e+001 1.000000e+000 1.255340e-010 
2.000000e+001 1.000000e+000 9.346025e-011 
-2.000000e+001 2.000000e+000 1.063894e-010 
-1.900000e+001 2.000000e+000 1.315530e-010 
-1.800000e+001 2.000000e+000 1.358761e-010 
-1.700000e+001 2.000000e+000 1.128858e-010 
-1.600000e+001 2.000000e+000 6.722075e-011 
-1.500000e+001 2.000000e+000 1.895615e-011 
-1.400000e+001 2.000000e+000 4.722717e-013 
-1.300000e+001 2.000000e+000 4.025301e-011 
-1.200000e+001 2.000000e+000 1.343129e-010 
-1.100000e+001 2.000000e+000 2.230368e-010 
-1.000000e+001 2.000000e+000 2.139100e-010 
-9.000000e+000 2.000000e+000 8.500909e-011 
-8.000000e+000 2.000000e+000 1.558831e-012 
-7.000000e+000 2.000000e+000 1.833376e-010 
-6.000000e+000 2.000000e+000 3.962686e-010 
-5.000000e+000 2.000000e+000 1.133205e-010 
-4.000000e+000 2.000000e+000 1.785515e-010 
-3.000000e+000 2.000000e+000 5.130034e-010 
-2.000000e+000 2.000000e+000 9.380970e-011 
-1.000000e+000 2.000000e+000 4.719710e-010 
0.000000e+000 2.000000e+000 1.047704e-014 
1.000000e+000 2.000000e+000 1.609748e-011 
2.000000e+000 2.000000e+000 5.383891e-010 
3.000000e+000 2.000000e+000 3.015312e-010 
4.000000e+000 2.000000e+000 4.946004e-011 
5.000000e+000 2.000000e+000 4.228238e-010 
6.000000e+000 2.000000e+000 2.856040e-010 
7.000000e+000 2.000000e+000 2.208781e-011 
8.000000e+000 2.000000e+000 5.107287e-011 
9.000000e+000 2.000000e+000 2.019857e-010 
1.000000e+001 2.000000e+000 2.500026e-010 
1.100000e+001 2.000000e+000 1.739369e-010 
1.200000e+001 2.000000e+000 6.639787e-011 
1.300000e+001 2.000000e+000 5.408132e-012 
1.400000e+001 2.000000e+000 9.580941e-012 
1.500000e+001 2.000000e+000 5.484932e-011 
1.600000e+001 2.000000e+000 1.059636e-010 
1.700000e+001 2.000000e+000 1.375703e-010 
1.800000e+001 2.000000e+000 1.406561e-010 
1.900000e+001 2.000000e+000 1.194447e-010 
2.000000e+001 2.000000e+000 8.489782e-011 
-2.000000e+001 3.000000e+000 1.070510e-010 
-1.900000e+001 3.000000e+000 1.310550e-010 
-1.800000e+001 3.000000e+000 1.342385e-010 
-1.700000e+001 3.000000e+000 1.107134e-010 
-1.600000e+001 3.000000e+000 6.550191e-011 
-1.500000e+001 3.000000e+000 1.837386e-011 
-1.400000e+001 3.000000e+000 4.518950e-013 
-1.300000e+001 3.000000e+000 3.866139e-011 
-1.200000e+001 3.000000e+000 1.292475e-010 
-1.100000e+001 3.000000e+000 2.169486e-010 
-1.000000e+001 3.000000e+000 2.153907e-010 
-9.000000e+000 3.000000e+000 9.757239e-011 
-8.000000e+000 3.000000e+000 7.864968e-014 
-7.000000e+000 3.000000e+000 1.326491e-010 
-6.000000e+000 3.000000e+000 3.727861e-010 
-5.000000e+000 3.000000e+000 2.254122e-010 
-4.000000e+000 3.000000e+000 1.318878e-011 
-3.000000e+000 3.000000e+000 4.925985e-010 
-2.000000e+000 3.000000e+000 2.993513e-010 
-1.000000e+000 3.000000e+000 3.153617e-011 
0.000000e+000 3.000000e+000 3.538951e-010 
1.000000e+000 3.000000e+000 3.653953e-010 
2.000000e+000 3.000000e+000 8.787908e-011 
3.000000e+000 3.000000e+000 5.883806e-011 
4.000000e+000 3.000000e+000 3.976832e-010 
5.000000e+000 3.000000e+000 3.871941e-010 
6.000000e+000 3.000000e+000 9.740286e-011 
7.000000e+000 3.000000e+000 5.424107e-012 
8.000000e+000 3.000000e+000 1.337031e-010 
9.000000e+000 3.000000e+000 2.480939e-010 
1.000000e+001 3.000000e+000 2.312874e-010 
1.100000e+001 3.000000e+000 1.294023e-010 
1.200000e+001 3.000000e+000 3.485793e-011 
1.300000e+001 3.000000e+000 3.168907e-014 
1.400000e+001 3.000000e+000 2.350682e-011 
1.500000e+001 3.000000e+000 7.466857e-011 
1.600000e+001 3.000000e+000 1.210503e-010 
1.700000e+001 3.000000e+000 1.432545e-010 
1.800000e+001 3.000000e+000 1.373854e-010 
1.900000e+001 3.000000e+000 1.104788e-010 
2.000000e+001 3.000000e+000 7.414460e-011 
-2.000000e+001 4.000000e+000 1.061819e-010 
-1.900000e+001 4.000000e+000 1.297693e-010 
-1.800000e+001 4.000000e+000 1.331394e-010 
-1.700000e+001 4.000000e+000 1.106194e-010 
-1.600000e+001 4.000000e+000 6.683733e-011 
-1.500000e+001 4.000000e+000 2.025199e-011 
-1.400000e+001 4.000000e+000 8.793734e-014 
-1.300000e+001 4.000000e+000 3.241513e-011 
-1.200000e+001 4.000000e+000 1.165168e-010 
-1.100000e+001 4.000000e+000 2.055409e-010 
-1.000000e+001 4.000000e+000 2.207087e-010 
-9.000000e+000 4.000000e+000 1.235360e-010 
-8.000000e+000 4.000000e+000 8.245814e-012 
-7.000000e+000 4.000000e+000 6.557147e-011 
-6.000000e+000 4.000000e+000 2.996638e-010 
-5.000000e+000 4.000000e+000 3.442455e-010 
-4.000000e+000 4.000000e+000 6.478119e-011 
-3.000000e+000 4.000000e+000 9.214790e-011 
-2.000000e+000 4.000000e+000 4.830098e-010 
-1.000000e+000 4.000000e+000 4.879643e-010 
0.000000e+000 4.000000e+000 2.849382e-010 
1.000000e+000 4.000000e+000 2.390939e-010 
2.000000e+000 4.000000e+000 3.539183e-010 
3.000000e+000 4.000000e+000 4.766423e-010 
4.000000e+000 4.000000e+000 3.766813e-010 
5.000000e+000 4.000000e+000 1.205034e-010 
6.000000e+000 4.000000e+000 6.319531e-016 
7.000000e+000 4.000000e+000 9.053245e-011 
8.000000e+000 4.000000e+000 2.258751e-010 
9.000000e+000 4.000000e+000 2.586414e-010 
1.000000e+001 4.000000e+000 1.827890e-010 
1.100000e+001 4.000000e+000 7.626575e-011 
1.200000e+001 4.000000e+000 9.615272e-012 
1.300000e+001 4.000000e+000 5.253043e-012 
1.400000e+001 4.000000e+000 4.540270e-011 
1.500000e+001 4.000000e+000 9.757830e-011 
1.600000e+001 4.000000e+000 1.350899e-010 
1.700000e+001 4.000000e+000 1.456178e-010 
1.800000e+001 4.000000e+000 1.303016e-010 
1.900000e+001 4.000000e+000 9.839324e-011 
2.000000e+001 4.000000e+000 6.149567e-011 
-2.000000e+001 5.000000e+000 1.038775e-010 
-1.900000e+001 5.000000e+000 1.277294e-010 
-1.800000e+001 5.000000e+000 1.324789e-010 
-1.700000e+001 5.000000e+000 1.123551e-010 
-1.600000e+001 5.000000e+000 7.096062e-011 
-1.500000e+001 5.000000e+000 2.463933e-011 
-1.400000e+001 5.000000e+000 1.620041e-013 
-1.300000e+001 5.000000e+000 2.306346e-011 
-1.200000e+001 5.000000e+000 9.732917e-011 
-1.100000e+001 5.000000e+000 1.872207e-010 
-1.000000e+001 5.000000e+000 2.239671e-010 
-9.000000e+000 5.000000e+000 1.580207e-010 
-8.000000e+000 5.000000e+000 3.684710e-011 
-7.000000e+000 5.000000e+000 1.246843e-011 
-6.000000e+000 5.000000e+000 1.769966e-010 
-5.000000e+000 5.000000e+000 3.560731e-010 
-4.000000e+000 5.000000e+000 2.738291e-010 
-3.000000e+000 5.000000e+000 4.252384e-011 
-2.000000e+000 5.000000e+000 3.788723e-011 
-1.000000e+000 5.000000e+000 2.401820e-010 
0.000000e+000 5.000000e+000 3.859140e-010 
1.000000e+000 5.000000e+000 4.116239e-010 
2.000000e+000 5.000000e+000 3.473906e-010 
3.000000e+000 5.000000e+000 2.043058e-010 
4.000000e+000 5.000000e+000 5.008707e-011 
5.000000e+000 5.000000e+000 2.742967e-012 
6.000000e+000 5.000000e+000 9.208933e-011 
7.000000e+000 5.000000e+000 2.186408e-010 
8.000000e+000 5.000000e+000 2.686567e-010 
9.000000e+000 5.000000e+000 2.154754e-010 
1.000000e+001 5.000000e+000 1.123763e-010 
1.100000e+001 5.000000e+000 2.829567e-011 
1.200000e+001 5.000000e+000 1.262501e-014 
1.300000e+001 5.000000e+000 2.412996e-011 
1.400000e+001 5.000000e+000 7.403792e-011 
1.500000e+001 5.000000e+000 1.206662e-010 
1.600000e+001 5.000000e+000 1.453190e-010 
1.700000e+001 5.000000e+000 1.428831e-010 
1.800000e+001 5.000000e+000 1.187261e-010 
1.900000e+001 5.000000e+000 8.334688e-011 
2.000000e+001 5.000000e+000 4.757850e-011 
-2.000000e+001 6.000000e+000 1.001772e-010 
-1.900000e+001 6.000000e+000 1.248306e-010 
-1.800000e+001 6.000000e+000 1.319540e-010 
-1.700000e+001 6.000000e+000 1.154688e-010 
-1.600000e+001 6.000000e+000 7.751267e-011 
-1.500000e+001 6.000000e+000 3.172575e-011 
-1.400000e+001 6.000000e+000 1.894559e-012 
-1.300000e+001 6.000000e+000 1.282848e-011 
-1.200000e+001 6.000000e+000 7.360283e-011 
-1.100000e+001 6.000000e+000 1.608081e-010 
-1.000000e+001 6.000000e+000 2.184960e-010 
-9.000000e+000 6.000000e+000 1.917842e-010 
-8.000000e+000 6.000000e+000 8.696830e-011 
-7.000000e+000 6.000000e+000 2.638443e-012 
-6.000000e+000 6.000000e+000 5.667016e-011 
-5.000000e+000 6.000000e+000 2.336332e-010 
-4.000000e+000 6.000000e+000 3.520817e-010 
-3.000000e+000 6.000000e+000 2.799805e-010 
-2.000000e+000 6.000000e+000 1.133032e-010 
-1.000000e+000 6.000000e+000 1.391202e-011 
0.000000e+000 6.000000e+000 1.424925e-012 
1.000000e+000 6.000000e+000 8.733528e-012 
2.000000e+000 6.000000e+000 2.638590e-012 
3.000000e+000 6.000000e+000 4.597338e-012 
4.000000e+000 6.000000e+000 5.241857e-011 
5.000000e+000 6.000000e+000 1.487260e-010 
6.000000e+000 6.000000e+000 2.434983e-010 
7.000000e+000 6.000000e+000 2.755839e-010 
8.000000e+000 6.000000e+000 2.266062e-010 
9.000000e+000 6.000000e+000 1.310100e-010 
1.000000e+001 6.000000e+000 4.348601e-011 
1.100000e+001 6.000000e+000 1.878758e-012 
1.200000e+001 6.000000e+000 1.215443e-011 
1.300000e+001 6.000000e+000 5.564478e-011 
1.400000e+001 6.000000e+000 1.053901e-010 
1.500000e+001 6.000000e+000 1.398063e-010 
1.600000e+001 6.000000e+000 1.488872e-010 
1.700000e+001 6.000000e+000 1.337496e-010 
1.800000e+001 6.000000e+000 1.026002e-010 
1.900000e+001 6.000000e+000 6.602779e-011 
2.000000e+001 6.000000e+000 3.337203e-011 
-2.000000e+001 7.000000e+000 9.508887e-011 
-1.900000e+001 7.000000e+000 1.208750e-010 
-1.800000e+001 7.000000e+000 1.311123e-010 
-1.700000e+001 7.000000e+000 1.193296e-010 
-1.600000e+001 7.000000e+000 8.597364e-011 
-1.500000e+001 7.000000e+000 4.161831e-011 
-1.400000e+001 7.000000e+000 6.582899e-012 
-1.300000e+001 7.000000e+000 4.326018e-012 
-1.200000e+001 7.000000e+000 4.826043e-011 
-1.100000e+001 7.000000e+000 1.269498e-010 
-1.000000e+001 7.000000e+000 1.992956e-010 
-9.000000e+000 7.000000e+000 2.129205e-010 
-8.000000e+000 7.000000e+000 1.459830e-010 
-7.000000e+000 7.000000e+000 4.369418e-011 
-6.000000e+000 7.000000e+000 8.565381e-013 
-5.000000e+000 7.000000e+000 7.748403e-011 
-4.000000e+000 7.000000e+000 2.251798e-010 
-3.000000e+000 7.000000e+000 3.284417e-010 
-2.000000e+000 7.000000e+000 3.267602e-010 
-1.000000e+000 7.000000e+000 2.588763e-010 
0.000000e+000 7.000000e+000 1.921223e-010 
1.000000e+000 7.000000e+000 1.599439e-010 
2.000000e+000 7.000000e+000 1.655104e-010 
3.000000e+000 7.000000e+000 2.012168e-010 
4.000000e+000 7.000000e+000 2.501408e-010 
5.000000e+000 7.000000e+000 2.836564e-010 
6.000000e+000 7.000000e+000 2.738020e-010 
7.000000e+000 7.000000e+000 2.138343e-010 
8.000000e+000 7.000000e+000 1.256053e-010 
9.000000e+000 7.000000e+000 4.578670e-011 
1.000000e+001 7.000000e+000 3.680170e-012 
1.100000e+001 7.000000e+000 7.469298e-012 
1.200000e+001 7.000000e+000 4.496753e-011 
1.300000e+001 7.000000e+000 9.387275e-011 
1.400000e+001 7.000000e+000 1.332259e-010 
1.500000e+001 7.000000e+000 1.505760e-010 
1.600000e+001 7.000000e+000 1.436182e-010 
1.700000e+001 7.000000e+000 1.178632e-010 
1.800000e+001 7.000000e+000 8.269541e-011 
1.900000e+001 7.000000e+000 4.768916e-011 
2.000000e+001 7.000000e+000 2.014856e-011 
-2.000000e+001 8.000000e+000 8.862321e-011 
-1.900000e+001 8.000000e+000 1.156287e-010 
-1.800000e+001 8.000000e+000 1.294155e-010 
-1.700000e+001 8.000000e+000 1.231609e-010 
-1.600000e+001 8.000000e+000 9.560211e-011 
-1.500000e+001 8.000000e+000 5.412311e-011 
-1.400000e+001 8.000000e+000 1.521376e-011 
-1.300000e+001 8.000000e+000 1.308754e-013 
-1.200000e+001 8.000000e+000 2.507702e-011 
-1.100000e+001 8.000000e+000 8.882057e-011 
-1.000000e+001 8.000000e+000 1.654053e-010 
-9.000000e+000 8.000000e+000 2.116590e-010 
-8.000000e+000 8.000000e+000 1.929486e-010 
-7.000000e+000 8.000000e+000 1.142597e-010 
-6.000000e+000 8.000000e+000 2.834138e-011 
-5.000000e+000 8.000000e+000 1.531193e-012 
-4.000000e+000 8.000000e+000 5.901952e-011 
-3.000000e+000 8.000000e+000 1.644234e-010 
-2.000000e+000 8.000000e+000 2.576946e-010 
-1.000000e+000 8.000000e+000 3.066437e-010 
0.000000e+000 8.000000e+000 3.181293e-010 
1.000000e+000 8.000000e+000 3.137754e-010 
2.000000e+000 8.000000e+000 3.072087e-010 
3.000000e+000 8.000000e+000 2.980478e-010 
4.000000e+000 8.000000e+000 2.766488e-010 
5.000000e+000 8.000000e+000 2.333408e-010 
6.000000e+000 8.000000e+000 1.679793e-010 
7.000000e+000 8.000000e+000 9.388201e-011 
8.000000e+000 8.000000e+000 3.244025e-011 
9.000000e+000 8.000000e+000 1.879555e-012 
1.000000e+001 8.000000e+000 8.080607e-012 
1.100000e+001 8.000000e+000 4.285397e-011 
1.200000e+001 8.000000e+000 8.920547e-011 
1.300000e+001 8.000000e+000 1.293005e-010 
1.400000e+001 8.000000e+000 1.508136e-010 
1.500000e+001 8.000000e+000 1.495818e-010 
1.600000e+001 8.000000e+000 1.287902e-010 
1.700000e+001 8.000000e+000 9.615063e-011 
1.800000e+001 8.000000e+000 6.066382e-011 
1.900000e+001 8.000000e+000 3.005429e-011 
2.000000e+001 8.000000e+000 9.329520e-012 
-2.000000e+001 9.000000e+000 8.083234e-011 
-1.900000e+001 9.000000e+000 1.088832e-010 
-1.800000e+001 9.000000e+000 1.263142e-010 
-1.700000e+001 9.000000e+000 1.260957e-010 
-1.600000e+001 9.000000e+000 1.054211e-010 
-1.500000e+001 9.000000e+000 6.859575e-011 
-1.400000e+001 9.000000e+000 2.812075e-011 
-1.300000e+001 9.000000e+000 2.226521e-012 
-1.200000e+001 9.000000e+000 8.016293e-012 
-1.100000e+001 9.000000e+000 5.173274e-011 
-1.000000e+001 9.000000e+000 1.209143e-010 
-9.000000e+000 9.000000e+000 1.851928e-010 
-8.000000e+000 9.000000e+000 2.098930e-010 
-7.000000e+000 9.000000e+000 1.778630e-010 
-6.000000e+000 9.000000e+000 1.047249e-010 
-5.000000e+000 9.000000e+000 3.216880e-011 
-4.000000e+000 9.000000e+000 2.071780e-013 
-3.000000e+000 9.000000e+000 2.059533e-011 
-2.000000e+000 9.000000e+000 7.445473e-011 
-1.000000e+000 9.000000e+000 1.323101e-010 
0.000000e+000 9.000000e+000 1.740045e-010 
1.000000e+000 9.000000e+000 1.932811e-010 
2.000000e+000 9.000000e+000 1.914314e-010 
3.000000e+000 9.000000e+000 1.711169e-010 
4.000000e+000 9.000000e+000 1.353125e-010 
5.000000e+000 9.000000e+000 8.962355e-011 
6.000000e+000 9.000000e+000 4.395071e-011 
7.000000e+000 9.000000e+000 1.072920e-011 
8.000000e+000 9.000000e+000 1.135978e-013 
9.000000e+000 9.000000e+000 1.516391e-011 
1.000000e+001 9.000000e+000 5.019253e-011 
1.100000e+001 9.000000e+000 9.316544e-011 
1.200000e+001 9.000000e+000 1.305498e-010 
1.300000e+001 9.000000e+000 1.520285e-010 
1.400000e+001 9.000000e+000 1.531921e-010 
1.500000e+001 9.000000e+000 1.357127e-010 
1.600000e+001 9.000000e+000 1.056331e-010 
1.700000e+001 9.000000e+000 7.086483e-011 
1.800000e+001 9.000000e+000 3.886816e-011 
1.900000e+001 9.000000e+000 1.508380e-011 
2.000000e+001 9.000000e+000 2.270189e-012 
-2.000000e+001 1.000000e+001 7.184398e-011 
-1.900000e+001 1.000000e+001 1.005158e-010 
-1.800000e+001 1.000000e+001 1.213295e-010 
-1.700000e+001 1.000000e+001 1.272631e-010 
-1.600000e+001 1.000000e+001 1.142732e-010 
-1.500000e+001 1.000000e+001 8.390783e-011 
-1.400000e+001 1.000000e+001 4.477341e-011 
-1.300000e+001 1.000000e+001 1.148796e-011 
-1.200000e+001 1.000000e+001 2.649730e-013 
-1.100000e+001 1.000000e+001 2.174877e-011 
-1.000000e+001 1.000000e+001 7.389625e-011 
-9.000000e+000 1.000000e+001 1.393585e-010 
-8.000000e+000 1.000000e+001 1.910509e-010 
-7.000000e+000 1.000000e+001 2.052316e-010 
-6.000000e+000 1.000000e+001 1.751780e-010 
-5.000000e+000 1.000000e+001 1.156987e-010 
-4.000000e+000 1.000000e+001 5.395851e-011 
-3.000000e+000 1.000000e+001 1.293179e-011 
-2.000000e+000 1.000000e+001 6.271754e-015 
-1.000000e+000 1.000000e+001 7.751129e-012 
0.000000e+000 1.000000e+001 2.278284e-011 
1.000000e+000 1.000000e+001 3.403976e-011 
2.000000e+000 1.000000e+001 3.609886e-011 
3.000000e+000 1.000000e+001 2.882850e-011 
4.000000e+000 1.000000e+001 1.603875e-011 
5.000000e+000 1.000000e+001 4.107985e-012 
6.000000e+000 1.000000e+001 1.680018e-013 
7.000000e+000 1.000000e+001 9.616180e-012 
8.000000e+000 1.000000e+001 3.372626e-011 
9.000000e+000 1.000000e+001 6.863671e-011 
1.000000e+001 1.000000e+001 1.064272e-010 
1.100000e+001 1.000000e+001 1.378395e-010 
1.200000e+001 1.000000e+001 1.553698e-010 
1.300000e+001 1.000000e+001 1.554473e-010 
1.400000e+001 1.000000e+001 1.390395e-010 
1.500000e+001 1.000000e+001 1.107914e-010 
1.600000e+001 1.000000e+001 7.730368e-011 
1.700000e+001 1.000000e+001 4.526699e-011 
1.800000e+001 1.000000e+001 1.999881e-011 
1.900000e+001 1.000000e+001 4.640063e-012 
2.000000e+001 1.000000e+001 1.242389e-014 
-2.000000e+001 1.100000e+001 6.188589e-011 
-1.900000e+001 1.100000e+001 9.054062e-011 
-1.800000e+001 1.100000e+001 1.141335e-010 
-1.700000e+001 1.100000e+001 1.258969e-010 
-1.600000e+001 1.100000e+001 1.209438e-010 
-1.500000e+001 1.100000e+001 9.854745e-011 
-1.400000e+001 1.100000e+001 6.376650e-011 
-1.300000e+001 1.100000e+001 2.737935e-011 
-1.200000e+001 1.100000e+001 3.340701e-012 
-1.100000e+001 1.100000e+001 3.871632e-012 
-1.000000e+001 1.100000e+001 3.370313e-011 
-9.000000e+000 1.100000e+001 8.626316e-011 
-8.000000e+000 1.100000e+001 1.446369e-010 
-7.000000e+000 1.100000e+001 1.881172e-010 
-6.000000e+000 1.100000e+001 2.016425e-010 
-5.000000e+000 1.100000e+001 1.827507e-010 
-4.000000e+000 1.100000e+001 1.415992e-010 
-3.000000e+000 1.100000e+001 9.424737e-011 
-2.000000e+000 1.100000e+001 5.413817e-011 
-1.000000e+000 1.100000e+001 2.726693e-011 
0.000000e+000 1.100000e+001 1.276072e-011 
1.000000e+000 1.100000e+001 6.569729e-012 
2.000000e+000 1.100000e+001 5.038249e-012 
3.000000e+000 1.100000e+001 6.701098e-012 
4.000000e+000 1.100000e+001 1.232399e-011 
5.000000e+000 1.100000e+001 2.382568e-011 
6.000000e+000 1.100000e+001 4.271314e-011 
7.000000e+000 1.100000e+001 6.863677e-011 
8.000000e+000 1.100000e+001 9.867025e-011 
9.000000e+000 1.100000e+001 1.276959e-010 
1.000000e+001 1.100000e+001 1.497939e-010 
1.100000e+001 1.100000e+001 1.600593e-010 
1.200000e+001 1.100000e+001 1.560988e-010 
1.300000e+001 1.100000e+001 1.386664e-010 
1.400000e+001 1.100000e+001 1.113137e-010 
1.500000e+001 1.100000e+001 7.931078e-011 
1.600000e+001 1.100000e+001 4.828349e-011 
1.700000e+001 1.100000e+001 2.299642e-011 
1.800000e+001 1.100000e+001 6.556004e-012 
1.900000e+001 1.100000e+001 1.215695e-013 
2.000000e+001 1.100000e+001 3.060375e-012 
-2.000000e+001 1.200000e+001 5.129509e-011 
-1.900000e+001 1.200000e+001 7.914107e-011 
-1.800000e+001 1.200000e+001 1.046172e-010 
-1.700000e+001 1.200000e+001 1.214494e-010 
-1.600000e+001 1.200000e+001 1.243309e-010 
-1.500000e+001 1.200000e+001 1.108353e-010 
-1.400000e+001 1.200000e+001 8.302559e-011 
-1.300000e+001 1.200000e+001 4.798762e-011 
-1.200000e+001 1.200000e+001 1.662369e-011 
-1.100000e+001 1.200000e+001 5.568050e-013 
-1.000000e+001 1.200000e+001 7.887884e-012 
-9.000000e+000 1.200000e+001 3.946118e-011 
-8.000000e+000 1.200000e+001 8.761641e-011 
-7.000000e+000 1.200000e+001 1.385967e-010 
-6.000000e+000 1.200000e+001 1.779223e-010 
-5.000000e+000 1.200000e+001 1.961516e-010 
-4.000000e+000 1.200000e+001 1.919895e-010 
-3.000000e+000 1.200000e+001 1.713058e-010 
-2.000000e+000 1.200000e+001 1.432183e-010 
-1.000000e+000 1.200000e+001 1.159405e-010 
0.000000e+000 1.200000e+001 9.454397e-011 
1.000000e+000 1.200000e+001 8.097727e-011 
2.000000e+000 1.200000e+001 7.530324e-011 
3.000000e+000 1.200000e+001 7.691631e-011 
4.000000e+000 1.200000e+001 8.508791e-011 
5.000000e+000 1.200000e+001 9.883508e-011 
6.000000e+000 1.200000e+001 1.164739e-010 
7.000000e+000 1.200000e+001 1.353038e-010 
8.000000e+000 1.200000e+001 1.517449e-010 
9.000000e+000 1.200000e+001 1.619947e-010 
1.000000e+001 1.200000e+001 1.629928e-010 
1.100000e+001 1.200000e+001 1.533149e-010 
1.200000e+001 1.200000e+001 1.336465e-010 
1.300000e+001 1.200000e+001 1.066658e-010 
1.400000e+001 1.200000e+001 7.640407e-011 
1.500000e+001 1.200000e+001 4.731795e-011 
1.600000e+001 1.200000e+001 2.336169e-011 
1.700000e+001 1.200000e+001 7.292352e-012 
1.800000e+001 1.200000e+001 3.272608e-013 
1.900000e+001 1.200000e+001 2.157211e-012 
2.000000e+001 1.200000e+001 1.123512e-011 
-2.000000e+001 1.300000e+001 4.050941e-011 
-1.900000e+001 1.300000e+001 6.667937e-011 
-1.800000e+001 1.300000e+001 9.293207e-011 
-1.700000e+001 1.300000e+001 1.136879e-010 
-1.600000e+001 1.300000e+001 1.236212e-010 
-1.500000e+001 1.300000e+001 1.192051e-010 
-1.400000e+001 1.300000e+001 1.001810e-010 
-1.300000e+001 1.300000e+001 7.039678e-011 
-1.200000e+001 1.300000e+001 3.747834e-011 
-1.100000e+001 1.300000e+001 1.108473e-011 
-1.000000e+001 1.300000e+001 3.917977e-014 
-9.000000e+000 1.300000e+001 9.258245e-012 
-8.000000e+000 1.300000e+001 3.776640e-011 
-7.000000e+000 1.300000e+001 7.884614e-011 
-6.000000e+000 1.300000e+001 1.224662e-010 
-5.000000e+000 1.300000e+001 1.589606e-010 
-4.000000e+000 1.300000e+001 1.822378e-010 
-3.000000e+000 1.300000e+001 1.911098e-010 
-2.000000e+000 1.300000e+001 1.884754e-010 
-1.000000e+000 1.300000e+001 1.792413e-010 
0.000000e+000 1.300000e+001 1.682544e-010 
1.000000e+000 1.300000e+001 1.590693e-010 
2.000000e+000 1.300000e+001 1.536306e-010 
3.000000e+000 1.300000e+001 1.524801e-010 
4.000000e+000 1.300000e+001 1.550757e-010 
5.000000e+000 1.300000e+001 1.600271e-010 
6.000000e+000 1.300000e+001 1.652825e-010 
7.000000e+000 1.300000e+001 1.683929e-010 
8.000000e+000 1.300000e+001 1.669361e-010 
9.000000e+000 1.300000e+001 1.590602e-010 
1.000000e+001 1.300000e+001 1.439986e-010 
1.100000e+001 1.300000e+001 1.223717e-010 
1.200000e+001 1.300000e+001 9.615648e-011 
1.300000e+001 1.300000e+001 6.831416e-011 
1.400000e+001 1.300000e+001 4.218868e-011 
1.500000e+001 1.300000e+001 2.084534e-011 
1.600000e+001 1.300000e+001 6.519298e-012 
1.700000e+001 1.300000e+001 2.870843e-013 
1.800000e+001 1.300000e+001 1.998752e-012 
1.900000e+001 1.300000e+001 1.043974e-011 
2.000000e+001 1.300000e+001 2.364819e-011 
-2.000000e+001 1.400000e+001 3.004148e-011 
-1.900000e+001 1.400000e+001 5.367917e-011 
-1.800000e+001 1.400000e+001 7.949650e-011 
-1.700000e+001 1.400000e+001 1.027503e-010 
-1.600000e+001 1.400000e+001 1.184347e-010 
-1.500000e+001 1.400000e+001 1.224800e-010 
-1.400000e+001 1.400000e+001 1.130139e-010 
-1.300000e+001 1.400000e+001 9.129330e-011 
-1.200000e+001 1.400000e+001 6.189830e-011 
-1.100000e+001 1.400000e+001 3.191809e-011 
-1.000000e+001 1.400000e+001 9.186071e-012 
-9.000000e+000 1.400000e+001 3.265605e-014 
-8.000000e+000 1.400000e+001 7.341112e-012 
-7.000000e+000 1.400000e+001 2.969834e-011 
-6.000000e+000 1.400000e+001 6.203653e-011 
-5.000000e+000 1.400000e+001 9.750470e-011 
-4.000000e+000 1.400000e+001 1.297432e-010 
-3.000000e+000 1.400000e+001 1.546041e-010 
-2.000000e+000 1.400000e+001 1.707425e-010 
-1.000000e+000 1.400000e+001 1.791236e-010 
0.000000e+000 1.400000e+001 1.819507e-010 
1.000000e+000 1.400000e+001 1.815913e-010 
2.000000e+000 1.400000e+001 1.798512e-010 
3.000000e+000 1.400000e+001 1.776590e-010 
4.000000e+000 1.400000e+001 1.750579e-010 
5.000000e+000 1.400000e+001 1.713806e-010 
6.000000e+000 1.400000e+001 1.655320e-010 
7.000000e+000 1.400000e+001 1.563413e-010 
8.000000e+000 1.400000e+001 1.429410e-010 
9.000000e+000 1.400000e+001 1.251041e-010 
1.000000e+001 1.400000e+001 1.034522e-010 
1.100000e+001 1.400000e+001 7.946528e-011 
1.200000e+001 1.400000e+001 5.527678e-011 
1.300000e+001 1.400000e+001 3.330094e-011 
1.400000e+001 1.400000e+001 1.578914e-011 
1.500000e+001 1.400000e+001 4.425264e-012 
1.600000e+001 1.400000e+001 5.042713e-014 
1.700000e+001 1.400000e+001 2.564181e-012 
1.800000e+001 1.400000e+001 1.100093e-011 
1.900000e+001 1.400000e+001 2.374236e-011 
2.000000e+001 1.400000e+001 3.880595e-011 
-2.000000e+001 1.500000e+001 2.043823e-011 
-1.900000e+001 1.500000e+001 4.078333e-011 
-1.800000e+001 1.500000e+001 6.496448e-011 
-1.700000e+001 1.500000e+001 8.914859e-011 
-1.600000e+001 1.500000e+001 1.089017e-010 
-1.500000e+001 1.500000e+001 1.200814e-010 
-1.400000e+001 1.500000e+001 1.198624e-010 
-1.300000e+001 1.500000e+001 1.076304e-010 
-1.200000e+001 1.500000e+001 8.543858e-011 
-1.100000e+001 1.500000e+001 5.778719e-011 
-1.000000e+001 1.500000e+001 3.066652e-011 
-9.000000e+000 1.500000e+001 1.007076e-011 
-8.000000e+000 1.500000e+001 4.281430e-013 
-7.000000e+000 1.500000e+001 3.485331e-012 
-6.000000e+000 1.500000e+001 1.804514e-011 
-5.000000e+000 1.500000e+001 4.062052e-011 
-4.000000e+000 1.500000e+001 6.669239e-011 
-3.000000e+000 1.500000e+001 9.204102e-011 
-2.000000e+000 1.500000e+001 1.136704e-010 
-1.000000e+000 1.500000e+001 1.301071e-010 
0.000000e+000 1.500000e+001 1.411571e-010 
1.000000e+000 1.500000e+001 1.473815e-010 
2.000000e+000 1.500000e+001 1.495635e-010 
3.000000e+000 1.500000e+001 1.483357e-010 
4.000000e+000 1.500000e+001 1.440187e-010 
5.000000e+000 1.500000e+001 1.366474e-010 
6.000000e+000 1.500000e+001 1.261257e-010 
7.000000e+000 1.500000e+001 1.124430e-010 
8.000000e+000 1.500000e+001 9.588684e-011 
9.000000e+000 1.500000e+001 7.718773e-011 
1.000000e+001 1.500000e+001 5.755012e-011 
1.100000e+001 1.500000e+001 3.855052e-011 
1.200000e+001 1.500000e+001 2.192124e-011 
1.300000e+001 1.500000e+001 9.270620e-012 
1.400000e+001 1.500000e+001 1.807640e-012 
1.500000e+001 1.500000e+001 1.347893e-013 
1.600000e+001 1.500000e+001 4.152141e-012 
1.700000e+001 1.500000e+001 1.308526e-011 
1.800000e+001 1.500000e+001 2.562096e-011 
1.900000e+001 1.500000e+001 4.011471e-011 
2.000000e+001 1.500000e+001 5.482555e-011 
-2.000000e+001 1.600000e+001 1.223151e-011 
-1.900000e+001 1.600000e+001 2.869251e-011 
-1.800000e+001 1.600000e+001 5.015966e-011 
-1.700000e+001 1.600000e+001 7.371644e-011 
-1.600000e+001 1.600000e+001 9.565818e-011 
-1.500000e+001 1.600000e+001 1.121256e-010 
-1.400000e+001 1.600000e+001 1.198995e-010 
-1.300000e+001 1.600000e+001 1.171821e-010 
-1.200000e+001 1.600000e+001 1.041468e-010 
-1.100000e+001 1.600000e+001 8.305693e-011 
-1.000000e+001 1.600000e+001 5.785505e-011 
-9.000000e+000 1.600000e+001 3.328353e-011 
-8.000000e+000 1.600000e+001 1.376862e-011 
-7.000000e+000 1.600000e+001 2.404100e-012 
-6.000000e+000 1.600000e+001 3.501918e-013 
-5.000000e+000 1.600000e+001 6.811297e-012 
-4.000000e+000 1.600000e+001 1.953676e-011 
-3.000000e+000 1.600000e+001 3.560529e-011 
-2.000000e+000 1.600000e+001 5.219116e-011 
-1.000000e+000 1.600000e+001 6.708256e-011 
0.000000e+000 1.600000e+001 7.887218e-011 
1.000000e+000 1.600000e+001 8.687918e-011 
2.000000e+000 1.600000e+001 9.093397e-011 
3.000000e+000 1.600000e+001 9.115369e-011 
4.000000e+000 1.600000e+001 8.778936e-011 
5.000000e+000 1.600000e+001 8.116971e-011 
6.000000e+000 1.600000e+001 7.172469e-011 
7.000000e+000 1.600000e+001 6.004863e-011 
8.000000e+000 1.600000e+001 4.695670e-011 
9.000000e+000 1.600000e+001 3.349548e-011 
1.000000e+001 1.600000e+001 2.088555e-011 
1.100000e+001 1.600000e+001 1.039658e-011 
1.200000e+001 1.600000e+001 3.177635e-012 
1.300000e+001 1.600000e+001 8.024008e-014 
1.400000e+001 1.600000e+001 1.515235e-012 
1.500000e+001 1.600000e+001 7.376064e-012 
1.600000e+001 1.600000e+001 1.704447e-011 
1.700000e+001 1.600000e+001 2.947539e-011 
1.800000e+001 1.600000e+001 4.334180e-011 
1.900000e+001 1.600000e+001 5.721045e-011 
2.000000e+001 1.600000e+001 6.971781e-011 
-2.000000e+001 1.700000e+001 5.886674e-012 
-1.900000e+001 1.700000e+001 1.809375e-011 
-1.800000e+001 1.700000e+001 3.598552e-011 
-1.700000e+001 1.700000e+001 5.751091e-011 
-1.600000e+001 1.700000e+001 7.976188e-011 
-1.500000e+001 1.700000e+001 9.939790e-011 
-1.400000e+001 1.700000e+001 1.132331e-010 
-1.300000e+001 1.700000e+001 1.188745e-010 
-1.200000e+001 1.700000e+001 1.152610e-010 
-1.100000e+001 1.700000e+001 1.029475e-010 
-1.000000e+001 1.700000e+001 8.403175e-011 
-9.000000e+000 1.700000e+001 6.171218e-011 
-8.000000e+000 1.700000e+001 3.958121e-011 
-7.000000e+000 1.700000e+001 2.084776e-011 
-6.000000e+000 1.700000e+001 7.708340e-012 
-5.000000e+000 1.700000e+001 1.031269e-012 
-4.000000e+000 1.700000e+001 4.044528e-013 
-3.000000e+000 1.700000e+001 4.472865e-012 
-2.000000e+000 1.700000e+001 1.141218e-011 
-1.000000e+000 1.700000e+001 1.937673e-011 
0.000000e+000 1.700000e+001 2.681291e-011 
1.000000e+000 1.700000e+001 3.260666e-011 
2.000000e+000 1.700000e+001 3.609669e-011 
3.000000e+000 1.700000e+001 3.701389e-011 
4.000000e+000 1.700000e+001 3.540292e-011 
5.000000e+000 1.700000e+001 3.155926e-011 
6.000000e+000 1.700000e+001 2.598919e-011 
7.000000e+000 1.700000e+001 1.938130e-011 
8.000000e+000 1.700000e+001 1.257092e-011 
9.000000e+000 1.700000e+001 6.481270e-012 
1.000000e+001 1.700000e+001 2.035606e-012 
1.100000e+001 1.700000e+001 4.703867e-014 
1.200000e+001 1.700000e+001 1.103895e-012 
1.300000e+001 1.700000e+001 5.473663e-012 
1.400000e+001 1.700000e+001 1.304690e-011 
1.500000e+001 1.700000e+001 2.333457e-011 
1.600000e+001 1.700000e+001 3.552083e-011 
1.700000e+001 1.700000e+001 4.856217e-011 
1.800000e+001 1.700000e+001 6.131514e-011 
1.900000e+001 1.700000e+001 7.267151e-011 
2.000000e+001 1.700000e+001 8.168026e-011 
-2.000000e+001 1.800000e+001 1.756377e-012 
-1.900000e+001 1.800000e+001 9.589255e-012 
-1.800000e+001 1.800000e+001 2.332556e-011 
-1.700000e+001 1.800000e+001 4.168525e-011 
-1.600000e+001 1.800000e+001 6.254824e-011 
-1.500000e+001 1.800000e+001 8.321764e-011 
-1.400000e+001 1.800000e+001 1.008314e-010 
-1.300000e+001 1.800000e+001 1.128551e-010 
-1.200000e+001 1.800000e+001 1.175544e-010 
-1.100000e+001 1.800000e+001 1.143336e-010 
-1.000000e+001 1.800000e+001 1.038484e-010 
-9.000000e+000 1.800000e+001 8.785080e-011 
-8.000000e+000 1.800000e+001 6.880143e-011 
-7.000000e+000 1.800000e+001 4.934738e-011 
-6.000000e+000 1.800000e+001 3.180557e-011 
-5.000000e+000 1.800000e+001 1.778133e-011 
-4.000000e+000 1.800000e+001 8.000803e-012 
-3.000000e+000 1.800000e+001 2.363041e-012 
-2.000000e+000 1.800000e+001 1.534998e-013 
-1.000000e+000 1.800000e+001 3.281806e-013 
0.000000e+000 1.800000e+001 1.783006e-012 
1.000000e+000 1.800000e+001 3.554213e-012 
2.000000e+000 1.800000e+001 4.933495e-012 
3.000000e+000 1.800000e+001 5.509953e-012 
4.000000e+000 1.800000e+001 5.163007e-012 
5.000000e+000 1.800000e+001 4.028551e-012 
6.000000e+000 1.800000e+001 2.451701e-012 
7.000000e+000 1.800000e+001 9.304820e-013 
8.000000e+000 1.800000e+001 4.973904e-014 
9.000000e+000 1.800000e+001 4.047236e-013 
1.000000e+001 1.800000e+001 2.517714e-012 
1.100000e+001 1.800000e+001 6.756149e-012 
1.200000e+001 1.800000e+001 1.326441e-011 
1.300000e+001 1.800000e+001 2.192180e-011 
1.400000e+001 1.800000e+001 3.233584e-011 
1.500000e+001 1.800000e+001 4.387411e-011 
1.600000e+001 1.800000e+001 5.573037e-011 
1.700000e+001 1.800000e+001 6.701487e-011 
1.800000e+001 1.800000e+001 7.685457e-011 
1.900000e+001 1.800000e+001 8.448853e-011 
2.000000e+001 1.800000e+001 8.934561e-011 
-2.000000e+001 1.900000e+001 4.555774e-014 
-1.900000e+001 1.900000e+001 3.635171e-012 
-1.800000e+001 1.900000e+001 1.294845e-011 
-1.700000e+001 1.900000e+001 2.735438e-011 
-1.600000e+001 1.900000e+001 4.545552e-011 
-1.500000e+001 1.900000e+001 6.523183e-011 
-1.400000e+001 1.900000e+001 8.431180e-011 
-1.300000e+001 1.900000e+001 1.003326e-010 
-1.200000e+001 1.900000e+001 1.113239e-010 
-1.100000e+001 1.900000e+001 1.160355e-010 
-1.000000e+001 1.900000e+001 1.141332e-010 
-9.000000e+000 1.900000e+001 1.062154e-010 
-8.000000e+000 1.900000e+001 9.364712e-011 
-7.000000e+000 1.900000e+001 7.825475e-011 
-6.000000e+000 1.900000e+001 6.196156e-011 
-5.000000e+000 1.900000e+001 4.645334e-011 
-4.000000e+000 1.900000e+001 3.294718e-011 
-3.000000e+000 1.900000e+001 2.209822e-011 
-2.000000e+000 1.900000e+001 1.403726e-011 
-1.000000e+000 1.900000e+001 8.499942e-012 
0.000000e+000 1.900000e+001 4.995602e-012 
1.000000e+000 1.900000e+001 2.969513e-012 
2.000000e+000 1.900000e+001 1.928965e-012 
3.000000e+000 1.900000e+001 1.521999e-012 
4.000000e+000 1.900000e+001 1.571121e-012 
5.000000e+000 1.900000e+001 2.070833e-012 
6.000000e+000 1.900000e+001 3.158798e-012 
7.000000e+000 1.900000e+001 5.068872e-012 
8.000000e+000 1.900000e+001 8.072675e-012 
9.000000e+000 1.900000e+001 1.241604e-011 
1.000000e+001 1.900000e+001 1.825744e-011 
1.100000e+001 1.900000e+001 2.561643e-011 
1.200000e+001 1.900000e+001 3.434000e-011 
1.300000e+001 1.900000e+001 4.409293e-011 
1.400000e+001 1.900000e+001 5.437499e-011 
1.500000e+001 1.900000e+001 6.456322e-011 
1.600000e+001 1.900000e+001 7.397346e-011 
1.700000e+001 1.900000e+001 8.193213e-011 
1.800000e+001 1.900000e+001 8.784772e-011 
1.900000e+001 1.900000e+001 9.127232e-011 
2.000000e+001 1.900000e+001 9.194546e-011 
-2.000000e+001 2.000000e+001 7.918363e-013 
-1.900000e+001 2.000000e+001 4.981272e-013 
-1.800000e+001 2.000000e+001 5.430705e-012 
-1.700000e+001 2.000000e+001 1.547347e-011 
-1.600000e+001 2.000000e+001 2.984959e-011 
-1.500000e+001 2.000000e+001 4.718124e-011 
-1.400000e+001 2.000000e+001 6.565307e-011 
-1.300000e+001 2.000000e+001 8.326049e-011 
-1.200000e+001 2.000000e+001 9.810251e-011 
-1.100000e+001 2.000000e+001 1.086646e-010 
-1.000000e+001 2.000000e+001 1.140346e-010 
-9.000000e+000 2.000000e+001 1.140075e-010 
-8.000000e+000 2.000000e+001 1.090591e-010 
-7.000000e+000 2.000000e+001 1.002014e-010 
-6.000000e+000 2.000000e+001 8.875895e-011 
-5.000000e+000 2.000000e+001 7.612291e-011 
-4.000000e+000 2.000000e+001 6.353669e-011 
-3.000000e+000 2.000000e+001 5.195318e-011 
-2.000000e+000 2.000000e+001 4.197787e-011 
-1.000000e+000 2.000000e+001 3.388915e-011 
0.000000e+000 2.000000e+001 2.771129e-011 
1.000000e+000 2.000000e+001 2.331023e-011 
2.000000e+000 2.000000e+001 2.048631e-011 
3.000000e+000 2.000000e+001 1.904681e-011 
4.000000e+000 2.000000e+001 1.885049e-011 
5.000000e+000 2.000000e+001 1.982393e-011 
6.000000e+000 2.000000e+001 2.195376e-011 
7.000000e+000 2.000000e+001 2.526109e-011 
8.000000e+000 2.000000e+001 2.976545e-011 
9.000000e+000 2.000000e+001 3.544540e-011 
1.000000e+001 2.000000e+001 4.220308e-011 
1.100000e+001 2.000000e+001 4.983908e-011 
1.200000e+001 2.000000e+001 5.804254e-011 
1.300000e+001 2.000000e+001 6.639927e-011 
1.400000e+001 2.000000e+001 7.441755e-011 
1.500000e+001 2.000000e+001 8.156856e-011 
1.600000e+001 2.000000e+001 8.733589e-011 
1.700000e+001 2.000000e+001 9.126706e-011 
1.800000e+001 2.000000e+001 9.301994e-011 
1.900000e+001 2.000000e+001 9.239802e-011 
2.000000e+001 2.000000e+001 8.937028e-011 
